293
10028
1772
6266
280
5775
6261
8799
12644
2811
12236
6923
841521
6118
11038
6829
12142
10668
3020
827
5561
11099
8567
9815
2742
13457
13741
16273
6469
16264
8417
2201
11347
6185
306
1011
9942
2415
9925
15756
9225
10462
1236
4451
9208
7601
12810
16710
5310
21
2026
3647
14196
1877
7201
13776
13912
6438
11103
7237
3531
7247
16667
14777
10999
12072
653815
9964
1198
9459
11906
9166
13207
13740
13485
861319
6582
15483
7590
9724
7413
15590
9743
15765
6146
12440
3870
4308
16975
4646
25
626
15221
11044
3732
17103
9845
12099
5501
11111
13840
400
3620
12965
193670
223586
2258
15831
15474
14629
15886
9946
867460
8396
6691
634
14863
2094
4326
37
3425
12675
246
6035
971
170674
3717
8580
125755
10785
11240
2101
13800
14941
5629
11862
704596
10416
3778
5870
419
9772
14052
15736
7727
17075
10343
12941
5766
9863
5423
491
12895
15894
12767
13636
12147
1307
14096
6054
16353
4098
8457
1355
14910
9008
2560
711868
319036
1582
12138
16369
17054
5774
16704
3837
3429
13148
3193
14583
7050
4883
2753
1526
168941
6366
5446
11639
14210
8427
7190
4219
5699
5630
12876
3240
9871
4051
11256
11800
10015
11825
8058
10155
7540
7203
14604
6421
3701
2867
14435
1543
13759
9027
6458
6016
1642
8734
5380
5054
7458
7251
10724
12486
13824
7311
5221
11754
7947
7763
13797
2716
4077
4967
10068
4520
1366
6614
6560
10026
11163
14006
11913
59
14814
13940
10746
4330
13794
671
5555
3882
2680
5664
8479
13318
155164
9931
5627
7234
8954
12484
101
13242
3262
11348
5371
247442
15179
6475
12945
13809
9081
1375
6417
1947
9896
8445
8787
12869
3432
16595
4017
9160
12759
13060
3317
11931
1774
12918
6306
7871
7181
15653
8664
13323
9110
3357
10621
10248
4410
12216
1072
15703
119857
16505
9417
7781
12966
204
359
702727
10371
8732
4609
8040
8220
8815
13283
12882
783
14121
2272
7220
7431
15220
10624
4566
12796
15656
7710
10187
14697
8150
4144
15378
7427
10669
1547
4039
1349
13877
11880
585188
3661
2064
11895
5496
11786
3920
5864
7216
14652
10016
1970
970813
902
5031
16718
3095
11707
382
5802
15669
435
2885
15467
10686
1369
16211
9053
6322
7861
10499
7981
14850
785436
12897
16770
6432
14445
5011
15683
1103
6564
2589
5570
385
9444
1873
1565
11377
13306
12609
10379
11273
896907
10099
9861
11714
4711
6296
1838
4181
14003
12406
9235
15116
1316
12827
4956
7241
14815
2148
8626
981
15007
7989
16653
7639
14506
3855
13119
12937
13052
12106
5532
12919
6012
15358
4027
6506
4586
7076
8594
7454
913875
11417
2551
7014
11074
2893
10536
325
5836
4158
3733
13402
12233
14879
10660
16396
361
6446
5907
9643
7003
15856
14614
1276
11590
8697
10394
14639
14885
376
7729
11299
1684
3679
13071
14482
14762
8013
284229
613234
13711
12503
13937
15303
5024
1301
2861
9658
1434
2997
4082
14736
6422
14461
8771
11211
9760
9372
7229
12362
4404
10812
15367
13949
9196
17032
13668
10561
8669
165290
15459
14365
13992
15618
1304
7494
15918
10102
800305
9596
15253
6406
3992
536774
4676
11589
14087
8816
6186
1743
10111
16924
5592
11934
2529
8775
6607
127537
16880
7030
2291
1617
2957
8075
3700
11575
8662
16097
15211
6660
15810
4612
3142
10299
5302
15517
6805
2311
4399
1167
5490
8690
1823
2371
5544
6953
12877
9793
12075
2599
6949
281
4104
12361
9850
16342
10362
3208
15691
15581
16152
7924
3186
14633
16730
13176
4759
14672
15917
13058
7419
11772
1026
16004
12716
5678
57
4102
15550
4866
1128
14300
9145
1785
16256
6866
4154
6987
2676
15407
11046
10035
4559
2562
10205
110048
2102
16091
13095
13063
2976
15568
16640
509
4573
6873
16253
8736
11836
12284
7135
8184
2970
12473
12153
3339
12324
11917
8359
9911
968
10147
14832
1077
8325
10459
2675
56
12959
10004
7326
3847
5493
1792
13934
3278
10745
15399
8555
9023
14083
6008
15435
12702
476417
9977
5527
6595
7146
775981
15884
9682
14070
485
11458
1589
3874
10218
10709
80
16597
7337
6166
10
10972
563688
7610
5489
4167
5788
7252
3543
3788
14755
14988
15586
4221
1560
11440
13823
13172
3880
11651
3584
5818
8840
635167
11213
12647
6236
5556
15033
14112
7373
5415
9698
13354
10033
995
14357
3585
3516
3297
6572
723948
15177
15575
16677
13079
1295
4371
4691
5156
16927
12864
5344
6345
3098
16352
9428
4422
16473
8393
11093
1762
13451
320281
13513
4481
14105
906814
10425
9034
2230
16345
7475
544
10055
11024
9495
14619
5823
11137
12476
162804
8466
1853
12083
138
4754
6428
17083
1717
12764
6954
6214
746
3061
11720
4343
10766
9828
304
8650
15344
15108
8094
12557
14244
3673
6405
6802
3461
699
1351
1668
15671
7687
1639
6844
9189
469082
17086
9002
10528
10212
10193
1338
8605
3125
1611
2977
8836
10734
9070
7471
5852
15929
6488
15484
5686
11834
12109
9319
1928
3563
13996
13334
3452
6523
10703
14658
16534
14668
13039
7651
919
5756
8897
2904
3171
12854
14524
10112
14562
5025
8482
3803
865179
17077
6262
7848
416
13542
262
16983
12432
5944
12454
3526
2362
7890
10628
16748
8338
1253
10932
10396
11980
10382
474
8063
7570
549
109738
291
3154
6058
10303
16115
12896
2062
15
582
13398
14525
469
7741
14536
10707
7899
6364
8045
156
5543
14122
457
12417
8215
14720
16569
8322
2995
15588
11792
10344
11715
1768
812526
1998
296
11263
14867
12370
12771
16778
8071
10946
10774
14518
5253
10638
15457
906306
11852
1395
4259
1218
175576
17013
1224
170
8388
689
4949
16019
7143
2061
10476
311
14160
2417
14741
15226
3346
7119
2381
13975
8909
300896
15318
9253
12042
7842
13462
5977
15185
14636
10641
11629
9560
10907
10410
9151
15109
2515
9538
5814
12387
15505
9537
14539
14844
925981
4238
622584
6685
15621
5502
10298
4459
860053
13516
6356
12223
11239
15178
12020
7681
658
9468
1012
4909
13412
2919
13744
15560
5848
9140
7158
4141
9419
209
12302
12576
13729
4086
9515
9099
2877
12363
17024
1388
429445
1528
8987
15564
2467
11858
270
8891
6471
338
11671
4853
16954
6267
3706
3561
9408
13262
5582
11896
2840
7433
7552
7581
7772
715870
7884
12091
15774
5150
12168
11583
8232
343
15227
1073
13538
3116
10120
4947
5745
16168
15442
15265
16930
3784
2781
3656
4614
10087
5259
11342
13849
10720
5906
10144
9450
15772
5335
2487
1007
13570
13869
17035
2225
2231
6555
12848
2365
5250
216970
3971
8251
8345
975271
14500
15696
9025
6856
10539
3280
7212
1714
10324
5227
4718
10419
2585
10951
8450
10750
6243
9163
16556
13608
6890
827744
1381
11150
13358
11468
3509
6710
1058
6970
6472
5235
3277
11596
15646
7301
11279
3907
9579
3137
15576
7511
7976
8329
5625
519
8551
5103
6435
1088
14102
6854
10327
12490
16213
9398
12448
558
10170
10742
14168
7380
1320
13932
7630
8868
3787
589710
846
7148
5112
7597
14026
13482
109717
3660
15705
7818
4478
10454
10832
8475
12818
3769
15587
9255
4198
881
14415
9841
7120
987204
412856
12317
4518
1039
10820
2404
5840
11744
5927
14178
7634
5154
16142
13273
15640
9449
5491
3130
739717
5850
14047
5811
8011
2349
2502
12935
780776
13156
6531
11182
3030
6539
10652
7388
13057
4737
5387
4684
433
13098
13624
9536
4592
16516
15429
15287
6497
15280
13821
14010
7684
16616
1561
8358
14075
3865
3641
236
12104
11056
1487
7088
98
999
11039
901
3529
4653
6265
940247
43
15028
8596
5400
612340
5568
855303
16962
4165
7348
9932
11821
6225
10190
3560
9638
14141
2665
15613
11048
4176
9877
10736
1884
2989
14324
15762
3741
66
2369
512
1577
3310
2410
16203
12059
11275
4169
7379
4188
10925
16911
8958
1584
1906
12397
16072
13198
6067
693
16064
7468
5574
9907
3420
14595
2432
10475
1157
5015
14407
6194
3875
12001
5359
12714
7487
7543
12604
14484
17106
2827
8646
14906
10995
7646
2486
131
4779
6128
8923
3237
4072
5565
1389
6205
2341
3312
10233
11996
16002
13380
1675
4483
12800
2511
15482
3632
4393
10904
5782
11435
8696
6845
9645
4218
12916
9360
1630
7650
7925
10452
668
8081
7988
4310
11601
7908
8390
2785
4415
6387
7958
8803
14997
12626
5220
4659
664365
11095
10413
412
7308
735
10255
7534
16581
9129
6762
13428
7258
3743
13812
4903
1875
1021
3207
13066
2939
16031
8207
8670
9970
2324
16768
14155
13221
13704
5908
10815
11381
14913
904
5611
7780
16942
5784
486
1257
16545
9723
9376
6116
6201
9649
2824
7204
13654
2908
8223
16649
11784
7040
13883
13525
8725
9745
15620
15532
930
3574
10576
5196
10473
2990
16989
8379
2935
933
758765
10348
6752
15394
16150
12329
5943
6359
3702
16228
8962
10493
6188
4047
3827
3000
170437
3172
744333
14085
3276
16524
7715
5741
11790
11757
914
15849
9716
283
15741
16304
14537
22
15847
9737
873
1162
9873
7548
9744
6520
945
4921
8280
16453
5717
879
12981
8878
12710
2211
11487
4805
1265
42
8708
450996
9848
10302
14069
10312
3956
2202
1456
4519
8430
14589
7723
4465
4260
14464
4386
4132
5666
4924
6713
6551
3936
975467
757685
15460
8880
9239
7362
107
1124
5229
3973
9875
6237
444
10718
7714
11452
16606
12997
8883
10175
13955
16446
5589
6840
4616
15729
12199
122
8739
4318
9655
13746
115
10059
3797
10828
1309
3582
4728
3345
2969
14469
326
207391
6723
15167
7911
11716
10498
3189
953
3703
3710
1508
8869
14187
15744
9619
11923
13296
12920
9764
3539
1453
14509
14700
5219
11965
17051
15800
17085
6390
4151
1683
14060
15376
3593
1087
2037
10119
7320
15967
2054
4961
15153
6209
7178
14505
7035
12195
4587
3057
16518
14610
13200
1384
1676
12924
15612
580728
16490
14590
5485
15477
528
2113
1206
4976
12345
9041
11848
2849
4345
11810
5983
14939
10507
10741
929130
14848
15991
14693
13622
9258
5470
1866
483
5635
438
9066
10443
15503
8602
13528
10655
3073
10646
11203
2143
6697
2401
14222
10253
1283
5946
4434
9508
8865
15034
5610
15107
8049
529008
14952
11252
156304
9148
13944
13101
381581
11104
13343
12472
13205
9490
2671
2473
5579
10203
465
2709
9205
13432
4931
14690
5126
6833
10156
6982
12776
16908
1255
15819
14306
3933
4045
7306
6898
9700
11349
16549
10779
2168
722
4598
5339
5839
12325
9823
7186
194511
15623
1068
8198
7284
10118
15891
14424
5572
7020
4906
15039
10163
16207
10608
8523
7100
14339
15381
14091
7769
2077
14767
5314
8841
5129
8790
11407
11907
12366
15707
2637
10021
15225
1790
2074
12254
244
11814
10580
4066
4824
8730
6495
5272
9735
15571
4593
9529
6029
16690
13034
14294
15343
9803
8795
2792
2591
9886
3842
4242
7443
383
5349
515011
5367
10140
11179
4907
350
10166
5056
14456
15839
8176
11373
10439
7561
12812
5255
15804
2566
14114
13799
336
11323
3216
9624
3494
4707
9315
1986
13873
13841
16348
14527
3214
14005
7161
17030
3066
3711
15331
427040
16434
2646
8039
9249
16314
10191
2738
700
1096
2229
12039
16321
15037
9878
1502
16077
3545
3897
9176
10094
909676
16916
3794
10665
13083
6139
781571
4436
5311
16969
5443
1859
34
15882
7964
14158
7298
3459
15630
7602
2691
232
10637
10001
8920
3747
3404
13783
6248
2400
2485
2810
13372
9647
824
14459
1454
3430
16341
4033
1892
11004
5469
11107
3779
9979
584
15049
16227
15050
7384
13347
1858
10565
9842
9683
9785
11421
10540
13362
5751
2984
8942
14551
7364
2433
5921
572
16381
5102
12833
16763
5728
17057
8727
14146
6739
6006
4777
16109
11201
15536
2741
9510
2845
16311
11202
7920
4441
4071
4213
14395
7843
12542
492292
10623
8700
7982
14607
12989
8164
10260
4334
637
2256
6507
7086
3966
1210
13473
5182
15814
10666
14038
14020
6127
4080
926236
6869
7227
10380
8884
3108
11098
1537
2052
1960
17018
12750
13921
13813
15014
5868
4876
9456
14066
2459
12107
16073
10053
704
5903
14016
7353
9921
12508
3409
2414
503
15192
10996
12133
2593
1695
6857
4367
12298
13707
15594
14599
11625
618934
5151
12536
1169
9289
6812
3231
15711
12080
488162
3893
4562
15551
2378
11162
15101
14927
803787
10470
5104
14776
14925
14103
1953
11816
4905
16450
16560
2293
6003
11351
6315
9431
15648
14242
2480
9386
12554
14111
3964
12952
9058
8200
12938
16165
12570
1938
7154
4002
14731
1903
8335
5590
9938
7319
3377
9067
2033
12349
886
7979
2001
10137
11418
3206
16501
4267
5019
9696
3324
2029
15516
5338
2645
16978
1957
4258
6439
16937
8109
5067
335113
4829
4577
6690
431535
7938
5342
6577
11947
907
4269
3628
12986
64
15348
9056
3005
8981
11766
6294
11626
4872
14699
8072
13665
14911
12409
13433
14471
4959
13910
5796
2744
762
7609
8477
5216
13491
15043
8546
5709
14013
6047
5237
6399
3984
11592
2003
12449
9071
8971
6147
1047
16408
13574
12700
6498
768169
553
15708
1099
15163
6384
14041
1698
15993
9971
11607
9825
9667
6515
314353
16873
353480
7083
13484
5258
9879
6528
8607
12793
8632
13301
14602
11078
14374
4035
5972
3704
3314
832614
4059
16550
8171
6524
16313
6847
10817
12114
13020
5925
7879
5609
2194
10653
15223
4485
7898
2183
11091
4638
9136
5138
12332
10559
14275
12979
3766
14443
1190
4482
11877
13129
10693
4675
11291
16196
8545
5481
3029
1976
13630
8860
12227
1410
7816
9864
15860
6100
3194
9014
13342
3564
12886
12715
14175
2280
555
14215
11770
1816
3081
12327
12798
1436
15276
6699
2932
81
13115
10931
1596
2860
15055
757629
8263
5714
2986
7111
16838
230272
8618
11842
2535
8950
1429
1623
2071
12852
10433
15662
12058
14791
7342
5569
1500
11126
13375
9611
3649
4376
9021
16828
1133
14283
12485
15743
12862
1376
1706
10345
659
13758
15611
12250
2314
1164
11937
13029
9256
16014
6143
12666
13179
16720
8949
11465
2075
4406
6891
15127
3462
141
4666
6988
12567
163386
6611
15664
1242
1894
605
245
4710
563
16130
16306
13290
16230
9953
15614
7045
2013
4429
15673
113
7758
13073
11101
4517
7691
14273
7055
1200
2748
15275
3667
13312
15955
10096
9436
97
3473
6803
8755
3335
8640
8418
12312
15570
3559
260
241
9357
8699
4493
9358
9462
11165
832052
596
5248
13138
2059
7595
16326
6957
14774
13270
557925
1442
11809
7755
7637
8812
9883
13734
11753
16705
4032
16707
8885
7587
16101
9530
7436
7424
4725
2837
6768
8002
8517
5551
13076
894139
7366
11321
7644
6171
14745
3296
12994
9618
2167
11296
183
13581
2871
7043
5494
10969
12198
7329
3688
693643
5833
1464
947
4380
8824
9830
14609
12207
6333
5530
13110
2930
7019
12360
4008
4751
201377
13147
6809
15642
618392
5948
9593
7562
13413
10928
1235
15604
3093
10872
7182
7997
7621
3853
175
1470
14131
12747
14084
12274
16543
9852
7733
16428
11926
6830
4189
9116
7535
4789
130094
5675
14581
12948
6028
16494
490
6336
1478
13173
316
4898
8813
10150
12283
2466
11041
2739
15596
7814
8340
9371
3816
440
10113
740255
1172
5200
2391
2426
10508
4629
11637
10882
4770
15451
16193
7833
11230
8308
14153
14765
172371
8169
2640
11699
14834
809570
1793
327797
6773
12390
8511
649
16024
11335
3056
17066
13338
12831
12663
7575
11362
911
3067
1243
5681
830
913373
8149
1782
8302
1559
10587
8834
10412
5731
11774
16393
5204
9476
12786
7459
5291
6759
16238
2107
6688
11196
15492
6674
14206
8376
16272
4496
12219
11287
15956
8887
2825
16164
1306
757924
7791
8104
2134
15805
3383
349
9820
9666
10673
14543
15802
2159
9155
15155
7701
16332
10552
6998
943
9967
9363
2770
16497
469038
16430
1495
7012
13550
8367
5514
5055
8412
12403
9608
14905
11129
104
2755
13658
5509
6996
1347
961
6376
8420
3224
572700
965
14796
5759
7121
11748
15054
15985
4650
15928
5254
7931
10384
3089
6549
13886
5369
5479
744
9048
8978
1076
8060
9656
11055
16124
9307
7262
14999
14743
12578
6061
1557
2034
3749
184
692
15950
5567
11260
8487
3306
11981
10511
11935
11218
2731
10787
7576
16074
5506
15787
9103
3075
778428
7680
15032
10265
12420
460
10474
15218
14207
427
15971
9491
16076
1259
2421
1531
13943
8428
12375
2302
7745
2611
4354
1090
4712
4302
8065
10987
9448
7528
5476
5989
14408
4893
14805
13793
16241
11835
1607
15362
15080
5189
14719
3091
2664
5929
1177
4306
7689
8782
1498
5936
7359
1402
14441
12707
3275
3097
2151
11909
15009
10784
17084
12241
10011
12438
13922
5036
9923
14352
14789
11304
941
13980
4309
1070
3038
662761
4589
944151
4827
2198
10533
10632
833442
11022
10009
2533
8915
3397
15384
2423
389366
10698
12770
718213
3993
2830
7761
7013
11967
15187
7068
4494
12306
10966
377319
11897
10625
3697
15706
7544
10889
2158
10818
58
11726
10209
8
15535
7516
11969
1367
16491
4890
12568
1719
4595
7515
10497
17064
7574
10385
1428
10648
16593
8983
14734
12280
12182
13601
7665
12839
9855
12465
15396
10455
2197
2220
6312
233636
1965
12735
5967
16397
16114
5879
11305
6749
10960
14228
2392
712
14353
9952
4546
11815
12851
1817
10440
2048
14803
16366
267
10521
14712
6574
3977
12137
4908
15758
12197
5124
2441
10117
6101
16694
1601
13302
5798
8966
897
31
13081
17052
14393
17079
322096
4212
10398
10764
2452
3407
15248
11693
4515
651
4293
14677
11613
2805
14733
307
5246
14935
10916
684482
1678
9717
5650
9870
1052
2213
12113
12169
9010
7421
2436
961574
259814
772
4487
16782
1872
11760
5540
15057
5703
5123
6378
9633
6218
8434
14967
10307
1150
13929
16504
15156
3340
1345
13139
14507
8780
5152
16492
1102
2775
4838
15151
7730
11764
14886
5032
4604
10968
2898
804
7663
1272
9406
5391
6442
14030
3609
3488
134225
8563
2905
7532
2081
15004
10372
14717
10591
7885
14433
14012
4852
6808
9172
15128
8712
13779
9395
9616
6064
934
4083
4982
4934
16463
8168
9755
12391
4351
5136
1707
5755
5619
8113
1721
11181
11456
12546
5303
8714
10276
14046
16037
6473
10022
5517
3090
9097
1386
13349
1634
5399
9849
12763
1479
2766
5353
16293
16472
16422
8604
7477
278240
11823
2154
12334
12044
7596
5919
5047
1094
4432
11235
13454
332785
4657
13214
4040
4561
16374
14394
8346
12159
14907
14934
15089
16066
16143
14617
13736
14412
7149
6425
13559
15062
3672
11944
10731
133326
401601
10173
4011
8371
1951
5849
12371
16301
2801
7975
3380
5358
4012
13477
12706
16315
14749
2175
9222
8398
14909
14773
8601
10003
11372
15136
2662
8245
8408
719
11156
14314
1220
2106
8581
15923
8722
7381
1863
12181
2942
12423
10115
13499
16994
11206
15103
7466
8940
8125
12968
8463
7091
4109
11084
1808
13582
13330
2494
401603
15202
14381
4435
9
8074
12401
1137
4324
3065
1888
15314
14634
5892
13686
14552
15556
9368
3479
11284
15468
3911
2462
12085
13116
11032
594
5215
9174
10991
9678
5791
9796
7450
7129
2206
8008
8364
10592
13061
14319
8115
16775
3528
15219
106182
8255
8490
5941
16617
6775
9276
7503
10936
15297
13773
4088
16445
8464
4205
8944
8731
3222
9676
12294
2673
9659
15184
1123
1822
10322
13042
502491
5832
14276
11805
16890
14488
310548
167348
8976
6715
5804
5238
16810
10041
3906
15546
1430
691
937
8351
11072
831059
14307
16170
4385
11248
10208
1604
14696
16346
11690
795928
11295
711
11183
2268
6797
5122
15428
15935
5153
497519
11894
7408
5968
1566
1558
15075
3805
14161
12279
287654
12936
8501
865
10040
13197
15350
6592
13078
1885
10757
6182
8959
1909
10152
5498
1391
9281
1031
3648
6038
7700
483162
12685
11864
506
11503
6770
332
12200
5281
10770
10427
2100
686
2526
6032
535
7588
8054
5484
293319
2752
9625
14856
12768
3994
8999
2038
15701
9788
356
7945
863214
13706
7490
12951
12046
5662
2569
5884
4995
12739
12711
16438
2692
8917
4584
2955
10997
15485
408
3308
11415
15415
12098
14824
261
11185
1343
5902
7812
2058
715
10485
26
5680
8679
3444
6085
3848
14029
3819
8718
1358
2023
5923
13023
1163
16412
3705
12741
8645
13434
10181
9985
2254
16042
8595
15616
10283
14174
12856
224395
16425
15889
2397
7299
4879
10513
4841
15647
7963
12242
9101
5297
16242
9418
13651
13872
10241
1585
14363
11743
13679
2981
424620
5457
14264
8347
440131
14001
7829
8404
9410
11620
1632
833
896
11585
1989
2876
13998
16217
1203
15252
6250
6318
739
2284
956572
11866
16904
239816
13623
16232
3146
14378
16716
9072
4214
8019
4365
16431
7753
4488
7106
7757
9091
6246
8410
12357
10710
1132
11328
16868
13509
11184
936
2567
12591
7081
16521
13549
14193
7897
11994
11881
9947
11455
13045
2266
15409
16622
2940
55
11869
2350
660324
3809
8552
8324
10676
979
10560
398384
9426
12224
7027
766
4821
11633
12652
1844
8281
6651
2244
1841
534303
7412
12996
5147
9122
2804
11577
15257
6579
14920
11241
1799
8142
15045
6365
9940
8758
7004
14943
16672
15296
1760
495
14475
16307
4499
15020
15578
678043
17067
6573
2063
6196
2425
3269
8005
12358
1466
3198
12050
15761
7473
14843
149
13981
16410
8578
13781
707
6849
8647
8350
3785
13475
4985
13254
15733
839
12502
364955
15236
8652
12803
2678
5771
1805
8692
731
4726
9937
8624
7933
6960
1563
14656
1413
5920
12441
12602
6761
1867
16752
15241
5928
2105
11267
11945
12314
11854
8792
17034
5451
1356
9868
915
10530
2090
150
345536
3076
12985
3307
1015
5859
2424
11653
8273
16773
6580
3389
7213
3028
3985
522179
11236
16635
2000
11416
2818
4179
2953
3707
10331
16459
15271
230394
8753
9030
3041
14163
1217
4498
6583
9473
858
16102
15832
749468
11652
12266
16105
7747
1249
6661
4864
14204
12154
16067
330
917
9989
16601
16317
13070
4424
3576
1843
7869
8331
2668
17005
7825
3447
10500
14467
11066
11245
16498
2057
13331
8413
2444
5005
11988
997004
1183
3801
11950
13240
13648
190
1518
15006
1832
13113
3879
14921
11796
12717
651640
1937
1093
14447
801
13259
9663
12439
7996
639593
8724
11538
9161
3595
12100
15921
15215
10215
14056
8260
7693
8615
7005
5420
9509
16154
2764
15908
8242
12676
13680
13243
5793
4053
5289
257
819
11683
7463
15461
10278
1865
844
7128
2894
15066
10953
10018
15506
12912
782
15356
6031
7974
13594
15117
4130
9244
5750
7793
3894
5578
8016
673
7592
11593
6328
3449
10866
11173
7365
474314
13090
11678
2334
583
14252
4439
339499
3367
9597
8926
15694
10494
3185
14088
2870
7583
2411
6050
7565
4321
15848
13381
11030
10855
10323
4431
587455
7130
5772
571635
12025
740
14227
1515
16633
17015
16860
1193
4582
9270
3655
8866
16899
16935
6871
1268
12243
2322
16608
2096
1360
13137
13730
4038
16708
2743
16532
966
1700
12323
9147
14279
11925
2622
180
1968
14969
9142
10725
1354
485191
1777
16630
16391
5883
16469
1605
12657
7396
9711
16542
10816
13087
13909
14887
5191
8635
5702
9497
2534
13403
4313
4553
4129
7281
4811
2687
8853
416613
10636
12152
536
1497
15808
6790
5240
432061
7607
2087
3686
13175
9195
5174
4124
2088
8919
4336
14008
16033
13068
11392
14646
10270
8233
16355
4563
4605
1001
9466
7594
13177
15638
1855
7810
3104
15262
10604
8900
407696
14746
11117
12774
2754
3663
11867
14968
12257
11023
8989
15046
191537
4762
4713
3421
8763
10353
174637
6408
1546
4361
13464
464
633188
9149
1538
13526
8010
11290
6343
8811
3145
4016
14623
7939
7819
6712
10351
10701
1158
5620
13446
1751
13778
1969
14780
8741
1196
1932
8440
3037
9113
3055
11410
5720
6569
13438
2419
16644
3025
15773
13304
8772
3654
4288
14637
8037
12890
13596
12814
3955
16437
14930
6817
7806
1574
15158
15897
12458
15597
13364
2294
2065
12429
15837
3530
6449
14730
9492
14409
3577
14598
7391
5061
13791
14250
16807
550797
12949
15635
13465
8087
13421
12723
11208
4521
14100
11903
3556
884056
13400
12705
16045
1092
4388
8526
5241
11176
15313
3913
170966
682851
5100
6420
4064
6073
15206
5876
2554
16100
15558
11132
3149
7919
5659
11139
15487
2152
12463
4800
4969
16961
13046
882354
4950
356773
3763
10122
13193
2630
4466
8172
12297
5478
13563
2028
16350
2621
11401
3305
6687
5753
1060
903
2125
12563
16976
2991
8160
13086
7936
3400
16254
4941
237118
13537
4927
6834
14511
700534
329772
8651
9629
4644
14561
16629
11427
16734
2679
13284
13847
9005
9487
7420
2321
6740
117500
1665
9384
1529
6876
3653
13226
13723
7582
10352
17090
110
11750
11849
16875
11399
17004
7788
2514
15247
2263
5866
11940
13656
15909
2270
7598
4420
8387
3513
14742
15959
13660
13033
6543
6956
14211
7442
11847
14833
5010
380
8784
13697
9909
6300
3570
14202
14392
12885
10434
3021
10602
5602
9458
1747
7065
3758
3596
7066
3102
10994
13645
7008
16198
2850
14317
345884
13947
11264
16468
12291
3861
4479
4944
14638
6868
5845
14067
13915
626611
284019
1014
10965
9889
11237
5447
6875
5615
16517
13258
13853
7446
5121
923
12111
6263
15734
14914
10829
4912
14714
15464
9640
14922
3003
15519
269430
7824
16731
14727
6981
9984
8846
10221
6217
4651
7345
61
16625
8120
14810
11428
2948
14970
5052
9784
5513
537
488984
2547
15069
7197
13539
4660
4316
16248
4426
9220
8167
1396
1248
10488
1635
15684
10109
7725
13900
73
6213
11266
11285
10495
7278
12963
14797
1181
487
14315
9001
16632
10249
10296
5822
10402
9340
7855
17060
3016
13415
12651
11270
580102
3358
14235
3665
15567
3422
755674
12830
10334
4215
6874
5499
4290
12313
2667
11049
12598
4114
6478
11214
10277
15563
16795
342
2329
4220
3173
2039
16140
1934
15953
15775
16136
688956
11675
5361
4678
1078
9288
6192
4497
16291
9957
5000
7536
11985
2888
9746
2616
167
10311
10066
12373
2164
651002
4058
12820
173
10479
9995
108491
14406
1952
489933
4148
1609
16647
15996
10274
8437
2157
9613
15479
5265
9550
11875
7699
4836
4357
1139
351
5758
1146
8064
12378
35
17087
14725
9277
5909
9901
6810
3751
11059
5855
11962
10501
12904
3015
841
8476
6731
1233
505426
16161
8766
12260
16276
13832
4392
15827
14373
15119
9381
2262
6184
16225
8327
5622
10341
7330
13920
2604
12434
12807
210790
6993
11068
3082
16636
14335
9588
14678
10319
17047
315161
1801
4273
8653
14130
12513
6831
14578
3775
6792
4455
8089
15717
16179
9335
3524
608
14954
10562
8855
5048
9075
550961
2124
6447
1331
3836
9154
6361
5269
8934
13548
7254
9415
4966
3175
680358
9218
11887
11775
6726
9968
4768
16715
15565
11522
7838
868043
6048
6511
8533
4276
2312
14077
4460
6170
16199
958130
2624
13140
6603
1813
15626
12639
7645
6271
17095
6386
9489
13512
7225
11094
2920
33
5363
1027
10563
15728
5752
616
4923
3678
15498
10487
11700
10073
15983
11324
5965
3036
60
3083
7350
7941
2303
8031
16012
13112
7903
13519
14173
16612
666
14031
13382
11914
7104
13503
1127
859
8779
1463
11451
14234
15685
1778
7752
6848
8341
6206
15113
14822
390794
15964
5117
2388
10224
15600
7555
7063
8943
2724
1446
5538
11216
14549
9806
7547
5581
7024
153
12335
1780
9316
8847
2472
4981
16698
6675
493396
19
13493
4405
16323
7632
7991
8759
9087
5960
8830
737
5521
4817
8822
855
16706
4360
15465
8903
14624
16771
14090
12874
13735
9547
13557
743
10883
7151
12043
11680
7131
9981
805511
14182
4791
15278
259
350956
16458
2791
16722
15365
6843
15995
6244
12749
2926
7932
3326
13196
492
9370
9353
13670
2169
9389
243
7335
14053
436814
4228
4993
6272
13610
8584
13502
1411
15286
3909
2136
7960
5768
3360
158
1831
14664
2287
3363
15496
6290
11001
10601
2844
1739
6804
5585
13298
7034
1784
1727
1109
2862
12299
4046
4183
16235
6593
9569
10711
10732
8309
7062
745414
2700
9894
8129
5736
9914
5454
4239
12247
10900
7361
14388
4416
10898
2549
13224
10196
16678
11731
793
8265
14413
6082
16414
7462
13166
3451
9559
14756
2044
125990
5765
16343
9719
10778
7742
10269
15425
15074
8231
7354
5149
14113
7122
973294
8133
11971
12656
7649
5111
12281
10949
4108
256466
9132
2669
16239
6835
7779
14024
4918
11523
5050
9721
3460
9916
7422
14860
14871
8195
13749
8750
14198
6467
47
11698
6
9271
9727
8349
68
9093
2235
317
14807
773
3258
958
10783
857537
13584
12149
11223
5661
3264
1704
6729
6541
2103
6325
10431
16713
1353
8856
12530
12765
9250
14481
15258
2782
10575
9485
2901
3910
3825
5243
16441
6758
9933
4329
14125
10289
14580
524965
9013
7821
9564
11660
133
16766
644
1291
4005
10329
461
9709
3968
272529
14702
6121
16614
10635
14214
2413
12049
1720
5223
478638
4814
11910
8928
14072
12721
3602
7472
15752
8510
777
13215
7546
16507
831
8833
5996
7168
8852
8672
12094
16702
15678
1017
7915
1221
16956
1368
6015
3110
1252
5995
11954
6132
2249
4780
16023
5891
15047
6852
8046
13245
16799
14150
1878
7641
4186
13463
8907
12571
845279
16449
3263
4541
16648
2693
5218
4462
1246
12788
7049
2141
15312
15321
1534
1728
9478
14033
3010
539
760626
3953
12863
13700
10357
14919
17006
2887
14825
13709
420015
10954
14889
16122
7474
829884
10201
16439
7423
12256
1028
4120
7655
17098
5382
8859
8817
16922
9186
12871
15173
1614
6553
8449
16120
3035
14995
16357
1648
5053
16263
2590
11168
3160
3236
6180
2357
1916
15469
5384
2245
352838
898207
11109
9592
3583
4160
3815
1881
7029
4333
988456
15124
3586
7907
1592
8481
718
11831
8423
4692
15714
9670
7657
14144
9314
15229
12962
4087
9607
1540
413
12032
12307
789
15577
11654
16583
9088
7441
14576
11616
13762
10292
12858
399279
5860
16780
9799
3169
16364
1147
15363
248
1610
1883
14269
5978
9342
2361
16756
16943
10138
2498
12064
2196
13964
4618
4574
6211
15508
990
10585
2240
152
1664
13002
130359
415098
12594
6814
8078
7022
3243
15120
3482
7685
4819
14657
3017
10739
5094
12808
16723
9523
2448
8424
6251
11791
2267
4722
288066
9369
454
1081
16474
13000
1926
9956
2129
7336
3128
12038
6985
457455
200
8452
1417
4307
2524
4073
3899
4372
15682
3856
1145
3944
10048
12894
14513
13161
870
8752
305
14036
5065
13180
335445
3550
2594
12092
14251
3190
13945
12119
14390
584498
896922
11574
14361
12766
12123
3431
5084
14761
12424
8274
9677
11192
16928
823811
7495
3227
6410
12367
6160
8023
15355
1156
11382
10506
5882
5148
2608
4191
4736
11630
2170
15926
11666
2980
6477
16071
217
8565
4106
7720
6587
8070
4019
10922
6548
14940
8691
14491
14855
11591
6175
5575
8301
713762
8174
738
6584
5739
3379
135
13017
7382
7889
14918
5354
1946
15161
15966
11130
4987
4440
12634
177558
8544
14782
12681
16596
16202
13041
13018
7573
12603
15231
1637
14332
10901
11993
16025
7046
5697
12186
3808
12442
8788
13727
655
5419
759104
10363
11582
3332
3402
6536
298
6612
9294
12292
9999
7205
10520
503951
116
16831
7017
13327
4734
6727
13589
992717
6145
5969
10786
8295
14489
16839
7156
16588
12977
7628
12751
14316
3391
15111
5066
16535
3174
14334
7267
13939
12709
94
10797
90
10183
9374
13733
13038
4210
7986
15589
3228
477
2133
7737
6084
2076
7868
7804
10913
454508
1199
3835
6514
12692
12853
14284
2635
578
3876
14547
10082
5330
2012
17040
15617
2340
511
5991
7430
5183
2808
7077
45
9343
13053
8032
12145
1701
14838
698
3375
11785
13726
3715
4508
13474
221
6546
2917
3356
5035
3650
10280
2181
15957
15165
13294
9525
3023
6821
603
7491
9185
836
6208
3694
8508
6864
5553
10285
16098
10321
8861
4223
6689
15346
1835
16965
13202
8095
11147
547
8486
8677
8684
2010
6138
8704
8972
14573
15063
10861
10104
835
14449
147726
7180
1471
10336
3951
2674
11251
9908
15999
9944
10399
7952
15370
6104
10715
2050
1380
3510
14450
1641
8110
4427
5430
10180
13336
6226
15100
11229
16656
781
2565
4034
5072
3634
3685
14706
84
15759
11217
13387
6720
184148
2732
11070
13683
4727
10266
1647
14675
10753
9009
771
994
10131
91
9591
16176
9124
2295
14485
1851
12819
8825
354377
10865
963355
7664
16991
8938
3131
2632
6096
15888
3013
5465
9905
2469
8754
553633
13936
3197
7432
5406
1948
16336
6423
14847
9266
8205
14151
12337
6281
8275
14017
3580
11014
2803
15143
706794
4146
10013
7670
11143
7184
12252
5095
7070
3736
214
1045
154
797
6820
2375
15633
3135
14454
10464
14063
4571
8459
15406
12734
6608
11431
4150
5163
8139
8320
14585
525
1984
6154
14134
9096
3643
3370
7242
10162
13459
7577
1673
2856
8967
1062
3569
9692
4057
6375
7165
12088
1626
15263
10721
15041
12726
9414
1393
15823
6019
3006
9262
16769
8111
14517
11346
2553
9589
516
14322
10830
8854
7497
8051
6741
15093
13043
4469
16484
9303
7783
2636
13230
13344
15379
8093
14021
15627
15214
17033
976
16689
4634
13598
8924
14716
16386
4317
13897
16755
9577
8025
13108
13703
4971
13369
12942
17037
6021
10574
7876
1631
11841
10971
13637
8648
12559
11929
545790
8577
2954
16429
16554
16735
9880
15811
11928
15954
3680
11871
742848
9092
7900
9816
10184
11294
6176
12515
13160
15977
11379
6414
6839
211834
541
16205
7011
7603
15598
11054
12635
3912
5982
575
13481
7344
16988
2122
12303
13555
1313
10465
3753
5007
5639
1919
9915
5847
365618
17020
3217
7041
2631
2305
2548
3824
14974
10211
737846
16061
11224
10031
14248
1876
3730
12889
12187
16964
11704
16761
7175
660
3991
15883
17055
2730
15240
11603
2756
15547
847
10929
12621
16001
10603
14757
10245
16920
6164
8044
7460
11893
4252
13183
16645
13611
5711
15553
11344
571
7686
16926
7303
8655
3442
13620
1915
395442
6332
5981
2471
4748
10261
2517
2017
725113
14145
16250
1378
3410
6704
7930
1229
10700
16967
1205
14831
624783
13529
9331
13044
8285
13646
8996
7367
4052
15997
723939
3669
2615
10467
16940
8587
12553
9660
3616
5477
11602
3491
8896
11442
16792
11640
10529
14062
5474
8085
1681
17003
11089
8342
9112
3929
1828
2277
10887
12761
8516
11732
10841
11604
15013
573
5006
13815
1567
620526
2733
2555
13863
2185
13096
8873
9789
8270
7260
373
14226
7990
2207
7777
17021
14417
182
1826
11846
4475
13605
13927
12504
7834
15989
4535
8982
6103
6427
5317
4916
10195
15545
12832
10618
13250
15432
5880
9175
4658
12902
15149
7206
8633
2004
12646
16621
4928
5190
16456
6174
8218
8296
16817
7285
9193
14040
2836
9382
598
8240
11568
552
10645
4263
11641
8636
6228
1053
3590
2460
12543
443199
11724
8361
352
9394
1292
12590
0
9583
6203
724
9274
13973
2171
16685
14318
3050
10339
7338
929
226601
7140
11843
10681
980
3220
13640
16221
10436
2430
3471
239890
9780
312
15981
10631
153231
12413
5537
6041
4022
1944
4968
13612
5460
9753
13251
1385
16116
7648
13698
16286
12089
1019
986438
4756
16447
756
8099
13132
394
6254
2067
15595
12333
7558
2937
6334
2288
13544
9562
15655
16963
4251
12577
11961
3009
5624
3304
13322
7152
12947
10027
15059
7401
9505
14641
7851
11621
7274
485548
4529
1619
14530
4633
11713
6827
13237
14987
6018
14286
11226
3768
7980
10890
11692
950360
5738
10905
12983
9128
12139
1527
5718
781403
803
3999
14632
12121
12381
12041
9293
14268
16292
2301
4162
11121
1723
3932
12887
16934
787923
10803
13765
9751
10738
15123
16688
12218
14874
8239
16743
16133
9739
2468
13150
6963
8582
8843
1694
7496
335421
15813
1949
6989
11804
12202
6540
5773
786385
1305
13472
3557
14752
13891
554
3828
11721
9924
16041
3151
14890
767
5114
4211
4344
15710
3271
8246
3453
9230
11730
4765
12632
15207
333
16676
9150
11052
12443
10453
3884
8337
16265
11939
6001
8050
9011
5360
15087
10251
14115
120
1749
497
13051
4407
6932
16613
11194
13629
4006
1319
16557
5959
13621
1416
3541
4729
13923
8079
2952
3101
5069
15603
9399
10895
3215
699573
67
10683
13170
2257
9858
13276
14894
14542
7505
5881
936433
8973
4408
5386
7909
1445
13531
7776
16529
10626
1950
11432
12840
13569
9233
16113
8252
16104
934908
16255
10897
4662
1666
12308
11177
592841
2377
250
10633
16266
2123
9078
6489
12697
9049
6883
6042
15476
9452
8014
900441
375
15115
845
16658
13225
14082
11088
6872
15497
13881
2394
4067
3850
11535
2331
9248
292401
13885
857168
8939
615
8534
1075
11222
1421
12555
4390
7888
10933
3427
411
7280
9483
16637
8145
7444
1051
2130
5495
8494
15986
12036
15071
5707
5009
5679
15979
7698
6977
3087
3677
9407
1057
6837
207798
3273
2889
360
403
7671
526
3401
4639
2865
9164
16701
13961
6558
768854
8838
14261
7923
10463
5120
6234
11661
8614
9401
13447
15290
1420
2896
14225
11157
15969
15776
12079
16523
1590
13377
813328
13223
11425
10799
16509
8562
13606
1230
883
6725
14553
1322
14694
1020
14241
667
11735
7731
1895
423
11350
11073
8161
16895
14571
6562
9732
8977
14900
2440
8419
5603
11990
2204
8003
10309
15244
1896
14177
6978
3839
9646
13443
3664
2713
16925
6550
11426
16129
15919
11649
11746
16327
4363
3755
8867
12795
12834
9438
13533
11469
5388
2835
6319
13405
8506
631
4222
12566
14323
15853
6199
3623
5956
14311
10438
2728
14132
8266
14326
3279
16741
12415
11688
6340
16423
944
276405
933551
16638
15320
11886
7631
1418
923975
9617
10535
4283
10912
9016
956
2099
12658
3928
299
276
2863
14179
5838
974
8639
9582
1724
124302
5326
3615
9318
331
14189
11306
3625
9400
1348
13684
12120
7998
5886
353
2140
8507
786
973
877572
1330
3384
12891
13133
16628
6526
1587
2437
10749
8282
15631
5824
2475
12262
5580
12900
1594
12730
10448
11767
708
9367
8047
7973
7164
11423
5341
202
15142
6327
5692
11813
7564
14474
3533
2359
6241
12550
4694
16781
2416
118
413814
1459
10320
7726
9375
7211
159642
13325
1135
14526
6443
5106
15525
6922
14522
16339
4962
10178
10128
3233
2659
5087
11105
15689
970
16742
15885
8091
2027
11829
242
14249
5327
14149
4619
4195
14841
12421
8762
14180
13745
2617
14351
6700
2725
4745
4937
6519
3458
916
5068
11798
13487
2520
6346
2117
9133
1361
5209
8965
10359
967611
14328
13236
13004
14169
8127
579027
14895
15718
14337
5176
8786
7023
4175
385320
3004
7056
12411
13435
15877
10002
15702
12773
8522
17069
7660
11647
16452
9332
15952
5
5161
6945
3759
9090
15144
16287
12533
11617
1840
1662
1795
12529
1184
6782
16974
13625
403507
3180
15529
314
16680
4379
16448
3387
15135
8394
5937
1273
10417
11933
3325
10543
2153
8572
12828
981334
15942
4547
644173
13901
16216
11888
14899
7293
10504
6855
1328
1223
7563
11524
15739
3723
9228
16078
12331
13652
948
12950
5444
6187
136
2619
8353
13021
16889
374
10024
13159
11174
6753
14165
15795
9137
12873
10963
11280
6099
13976
9962
11608
6149
8383
5525
13126
16546
7993
10157
8126
8143
3765
946432
10235
16585
12883
4157
11463
7789
9980
6938
11749
3981
14872
5013
6464
9451
10519
14643
10148
14073
8504
598216
784607
6292
8469
12993
11331
12753
11077
5295
12136
16180
4830
2723
13690
83
7438
2336
13102
13919
1394
2216
916232
6766
1278
1825
6107
8514
2941
16538
16801
4149
3493
8622
7839
13728
15582
11485
6534
14896
926
6215
16931
1697
860
2557
11338
6093
381502
10708
11120
12166
12029
3724
17061
10279
4600
14147
16103
10984
14418
7325
5373
13983
4807
9287
795
17089
186
6811
17062
13264
11467
6936
5950
1082
4201
3477
2993
4246
7823
592
790
4797
10852
16764
10100
15159
5001
6204
458
4580
9120
2950
3178
1775
9094
13948
12875
3096
11164
7294
4054
1568
2243
13857
6915
621841
5280
5051
8613
2354
7578
6370
14873
12304
4859
14267
5012
6094
10480
3916
4823
10243
9856
630538
9309
191
14288
1922
8566
13386
1753
5368
9699
16744
5690
10531
12662
6117
884
172792
10862
11635
11231
7636
3646
3619
5628
11912
9881
14
404
15895
10161
16959
115582
9846
2385
8828
4490
4131
7702
6030
15201
14302
16139
4156
13291
7092
5449
7507
6389
6396
4042
5826
16840
3843
7375
6377
5352
8188
3699
4486
16995
11587
3026
15359
5169
8524
7390
16987
2685
963
14281
702
986392
14095
4735
15068
11259
4617
5727
629
9836
14692
534
962050
16175
8248
1086
7096
5787
6056
11352
1602
15801
13384
16598
9767
9811
7224
4785
232352
1765
2373
181
7370
11027
14640
2021
13898
15937
10025
15699
642717
79
12732
17074
1046
14631
1110
13178
7393
5657
13248
941814
10458
11773
12239
2142
8043
13054
8583
7080
4645
6434
16883
5828
12253
7071
8082
9299
2767
10418
3575
11374
4208
7118
5749
7659
11380
7155
10202
12779
9086
16609
12589
3903
172
12801
2345
10420
6161
7675
3877
11936
11015
2457
3587
15081
15373
2859
16673
9521
11756
12526
27
1432
3472
6368
3675
8117
234568
15890
7185
6860
12650
15010
2495
12012
2628
14728
13182
5212
5723
13120
2797
1126
4854
5698
324993
8693
13056
15643
566339
5234
4597
15040
3612
2958
1085
8913
1705
8451
9069
15690
10942
1830
14498
2264
8006
2147
3246
6382
12660
4911
7437
985
8170
14574
14945
9553
16790
10909
13185
16195
1311
12975
6694
670
8083
5815
11289
3946
3490
1490
8399
5825
17091
15771
13866
6928
1994
12564
4723
11195
8728
1486
2309
4450
13534
7255
10098
12972
565230
12164
303
8438
14108
2289
8052
14662
767678
9983
14190
6816
10945
15654
13677
4142
747
14989
10967
3549
2642
9063
1083
7026
16208
4575
7901
15674
5203
3124
10662
11175
15687
1552
11119
15304
2482
1603
7187
5404
4778
8760
4862
6499
7233
14647
5195
12170
2607
5082
12062
15863
15709
1275
5390
2614
11079
3393
4300
2317
13818
4445
9425
12599
3777
14559
11043
4145
6227
10231
15900
13300
13114
16017
807
3960
1312
10851
897143
13546
9017
15361
3187
3770
15369
15797
9054
2916
6424
12450
16377
16871
4886
3489
16914
597
13422
11062
2016
2740
14479
14437
13136
10135
13388
6776
3925
8914
10541
4895
15629
9356
6865
14217
8564
4253
8442
8021
2783
12056
420
7
1941
9939
4875
5696
12926
8355
12060
12522
10762
16462
16958
7452
3854
11973
12201
2128
15408
9570
8024
10842
4774
5689
14199
14104
8318
1398
14118
9687
1514
1535
15105
7571
14792
7244
10408
11
4438
11193
2658
14558
929504
11855
11307
12096
15441
8789
5735
4001
14938
6999
11145
4914
13990
8678
9834
635
10836
5331
1125
12870
2644
13701
9000
7787
3153
3423
326130
15713
13510
13599
11989
4530
16525
4123
12270
156837
7679
13241
14686
9304
8107
10030
8719
8310
432427
14472
14984
1807
504630
9674
178957
8749
10386
10522
2588
10406
372
7688
10405
139434
2379
11648
10656
13521
568
2342
5426
6198
15375
12446
3666
17
11614
11286
2406
1357
6760
350021
4822
832
10051
289
14568
9958
9693
5448
2070
7891
2383
12160
10005
9669
13864
9573
16382
75
7801
12208
870571
12196
2328
9697
755
9988
15129
8888
13339
1408
11221
1197
15799
11672
13261
11357
3683
2899
2983
203
665427
12309
12143
13994
1570
13174
1542
6774
41
3708
13152
3974
4127
5949
13456
2513
10496
13674
10773
5307
15730
3866
530764
8105
9260
571029
10582
5684
13145
16421
15329
4115
3761
12917
4953
6521
3693
130
11718
15051
7395
16530
882
13326
10489
5545
4939
12782
1270
15636
15927
5747
9200
7037
8800
207
2961
4588
829
7167
9236
12340
3504
15146
2816
4551
10553
9882
3774
5779
7079
3888
10291
6818
4000
8689
2784
3671
11638
4892
12237
12054
12815
16371
7514
12517
10819
4522
11782
1735
8649
15445
1063
736
12640
14804
7409
1029
3505
13826
2777
11037
5370
9783
1334
11667
14002
884309
1764
654
12347
13234
13374
10722
8411
13562
4673
12173
10288
9322
16475
962
8288
4986
14331
12399
3448
6004
1554
14878
15453
11180
7662
8130
8726
7539
13019
15172
4533
6684
16147
1180
13483
16415
10687
11818
12326
13642
10902
11627
16132
1796
2759
7153
12595
4163
3798
6068
3033
1921
592296
9919
8485
11958
4820
922
3881
6349
8676
5177
7946
151
806
1839
10153
4412
15842
11694
571413
76
12574
7157
16151
13962
7656
14916
14605
9179
3464
1480
11246
13461
9241
13918
101533
8498
6791
5673
15720
1461
5974
898
4254
12238
15948
13576
11404
13907
678856
8253
9295
8033
2132
8029
14630
2068
8628
16044
8373
4688
11191
713
10590
8707
8062
16993
8881
2447
3642
15002
4858
12300
15171
6571
17014
5290
12587
4227
15695
14243
10284
16654
12514
9551
6609
15580
10651
14685
3266
5612
3349
6133
12561
16169
12416
1861
10844
9383
14715
6721
3195
8374
14278
4977
9622
14793
7643
6659
147504
14711
4606
5616
2333
12251
3997
11525
146228
6049
5733
11832
13429
15022
6305
12070
10910
809
15751
3337
1414
12244
4717
15809
9992
16092
2483
14071
16289
2833
15828
6972
15783
10316
15651
14119
7949
4917
316092
6419
13644
7591
8797
2652
4311
6007
15210
9427
10863
15138
144
8432
4532
3328
10781
3970
14587
6023
16898
14596
2574
9636
628313
4116
577309
9632
5550
3034
7114
9470
247720
2224
12151
7290
4113
13341
16679
7840
9585
1352
449
11768
7750
5041
10355
8893
11310
10800
10086
9261
12031
10654
10469
653306
7987
4025
5277
11681
7849
13967
3221
5897
6441
10358
7500
10065
15289
1154
12519
13489
12405
8495
15572
11189
15602
10712
975
13639
13437
3983
10777
15962
10961
10848
7508
2718
13914
9338
6159
7542
11086
745
5205
7826
9857
5549
5898
13436
12400
10920
4677
6297
8162
2036
10730
10401
9226
10930
5078
3336
11861
7624
13067
2020
13074
6264
4139
14548
9259
488
564
13766
1415
6086
14186
815
8038
997
15413
9285
5985
12006
16333
3242
13999
2525
16971
10468
16329
13828
8214
16358
4447
493
6984
646
4641
6416
6242
10821
2290
8839
14327
15444
12388
12911
15400
984
4513
8503
4894
10509
7312
9517
9531
9263
862538
13597
720644
10727
948799
1763
14901
11619
6020
15095
16367
7835
9778
11087
2166
11946
14544
13130
16188
8319
10885
16252
1340
12907
11386
16194
3424
13935
4608
8767
6313
8123
4613
13870
10067
10107
6490
128
9728
9387
10634
12809
8568
4539
11968
7635
10477
3450
12699
155040
12540
13984
13337
1059
3250
5192
14732
1038
6967
12850
6454
6059
124
7572
4172
10447
9605
17078
14262
11941
2108
4957
12290
15916
6983
15267
14098
7215
13444
4100
8837
11210
10982
2491
7526
13792
758
993
421
13600
8465
14139
12585
7226
11021
15431
13158
15026
1759
13414
2891
1837
10062
7172
15727
1387
14287
6051
6496
2398
2987
3821
1699
9651
4400
13281
1849
8333
6479
6383
295
12131
14991
12823
11411
1182
9283
4542
4733
327
10691
3077
16981
16610
812
912
15970
5166
11955
9756
7652
4873
8297
5938
4843
1438
2389
144109
10740
1659
3813
1624
15841
9725
3831
7358
11739
11207
6341
10877
6374
12802
1318
5716
9227
12125
13547
3382
1992
8936
161
2966
2806
2638
5284
4831
11178
4731
16257
1991
6470
925013
1041
5599
2648
10444
11243
1131
2005
9892
14486
13442
5632
5267
12510
16362
2684
4020
13452
4687
12264
16836
8941
4495
3070
821
3502
8538
5393
533
5869
9330
3631
9587
2051
3117
11795
16985
11153
11115
11615
10674
15249
13993
14009
4387
9409
924
4693
1672
4277
7386
787326
220768
3213
11883
11916
348237
3691
7257
8537
10304
10229
5560
8042
13316
15688
599968
16240
10752
15817
12670
14218
4516
13663
8805
6120
15945
8092
7349
13705
5792
274
3756
13037
11915
16435
14768
253
3457
4200
4383
6481
7000
10981
6730
10136
12052
802667
2348
12103
15354
5797
10092
4880
451
7248
15243
9018
6815
6482
9167
253347
8470
5837
16137
9631
7506
14594
277
12081
4202
11312
5413
11691
5075
13208
13737
424
14570
2382
14564
8756
16829
1912
13911
8532
556
3554
105
13657
5089
8363
362778
780
8468
15855
6190
13995
5385
14188
2116
3245
14744
761
11035
3223
299122
4974
7058
5231
5905
2110
14078
14628
2035
402
11336
2696
14515
12523
10939
1809
6504
14426
8473
16634
2882
9859
546
2868
688508
14292
10547
6279
12394
6952
10518
11144
3927
15084
16245
6737
17050
12738
8271
2271
279
5425
11970
4741
6457
13397
6088
7661
14375
2041
12534
8219
9918
2200
12973
527
10974
8236
3975
6946
5841
9648
1769
7485
388
14846
5557
10824
15504
1598
4899
13567
2066
2857
10132
14247
15645
10198
3957
10378
9349
11045
13760
13688
1910
16400
3658
6503
3014
9416
5743
16277
14829
640310
1185
10330
1996
9680
5604
5383
9131
10301
12082
6824
13595
826
6433
9542
3603
9433
10361
11271
6092
6353
12356
16489
7461
8000
2489
796
11611
10667
9973
10023
7328
11655
4110
11964
14129
6557
5407
3547
13859
4368
16395
17012
4695
301158
11371
15634
606
1737
585
13299
8703
4458
4594
794
1225
11762
13756
4826
12183
15427
5975
12843
1008
10108
13072
258157
2366
4477
6401
3859
265
12395
14868
9311
89
11873
12016
9943
10843
14446
5644
13997
13167
3849
15767
15732
5511
10192
5070
1025
15838
13838
9543
14265
10168
7051
4036
5256
14120
13367
4514
3518
5085
3362
5894
3895
9015
5058
4802
10174
3548
10346
4964
8368
14487
9840
8303
12512
734
7279
13829
9036
1468
12722
10019
11029
74
758589
6183
211
7351
16884
15920
14902
15337
16003
12045
2689
13848
15865
9715
13478
7002
1974
14463
6800
14671
11040
12461
70
715551
1170
1818
614
13373
9361
3930
14839
3696
9312
14246
11807
3626
9708
4373
6090
5325
8283
6252
2807
1066
17029
4654
8154
194
2746
1114
4552
15559
7139
9565
5436
14942
11171
4007
697
9572
16917
1168
5064
14588
11334
13153
1392
432
15815
6400
16209
16997
5422
3501
12222
2343
12162
6600
2963
7560
10007
8249
3512
16181
2484
7994
4611
9378
12978
146
749
7110
5004
983456
16419
9480
588899
7669
5653
8794
851
4999
9761
13769
9805
8339
11265
2906
3018
16582
15291
16566
1284
7760
15495
13880
4299
14993
15591
1663
6253
13678
11327
8870
9246
4994
15364
2121
12884
9814
10586
12633
1214
11492
14385
9206
4980
1911
1943
7089
13407
8415
6513
4428
1489
15305
14058
6480
12539
6398
466
1521
147670
6452
7622
6971
5408
808
15745
6927
6476
15722
13117
985447
15097
13650
16941
12026
5993
3722
12584
6135
1482
16563
11364
4112
891
1925
827120
1882
5643
6102
6929
392
7174
13088
140115
2219
15471
992247
4203
16933
7331
10228
3791
4282
4056
390
8163
3376
14093
16757
14917
14864
4044
6910
4556
9534
8660
1852
3064
6538
11628
1715
16159
8372
4250
16996
11605
387
8277
4382
5324
15473
11728
10078
3316
324597
4147
15011
192337
11758
15295
8362
14710
16394
9012
7798
2695
7134
12386
7369
12687
834
13725
4557
187657
5958
633
12467
10704
3860
9722
16520
8489
7193
1553
8785
15366
15987
986827
1917
13572
9922
11670
7808
12581
4319
820184
16316
11839
220
12781
5947
16214
12847
15092
3293
14110
8112
1776
8183
12679
7275
1985
12531
6367
3373
13830
2512
12468
2344
13333
13571
13591
1638
10516
13806
15676
5337
659951
5656
12192
10672
9298
13455
12946
6786
545
1274
9929
7268
11745
3588
3046
7719
1327
12998
1444
926918
9790
8990
861
14156
11405
14354
8818
5577
6778
5952
9352
12003
4099
10172
4328
7658
16712
12611
7853
13666
13231
3668
4028
12351
2337
2960
7859
16282
5398
467
11061
4257
4284
4808
15675
16511
10847
14501
12311
9180
14037
1713
16016
1209
15382
14869
12506
5512
13049
309
866
2505
6947
422
14280
17017
3716
1847
12909
3811
862400
14956
9807
11686
14651
212214
4378
4783
10918
701
11702
9701
15644
1820
11570
642
12293
3804
10611
14949
10551
7926
14455
4126
14422
868
7921
3058
9482
13064
16513
2577
3205
6950
9792
4118
16533
14722
14566
16406
480
1097
12758
5187
15328
3639
8389
3820
4630
7482
2922
3622
3659
1080
5586
2178
2210
12805
2855
5109
4235
7740
7272
11042
8004
3499
9127
310418
5754
6110
14387
8588
5260
4224
63
938338
10661
13887
6717
10232
12452
3051
8745
1745
14769
2823
3814
763
5820
16295
10612
10400
11031
4391
12667
5305
581
10125
9986
12396
16338
10200
10510
14376
14532
8365
8066
2199
11151
5115
595
12535
12811
4024
11817
8057
14123
5206
9665
3818
11868
1999
13742
13050
15766
9204
6777
2190
5640
9652
7451
12826
10214
16288
10713
10306
4706
1458
10793
4184
8768
9903
7115
15212
9032
6011
11905
10139
16234
840058
3806
8119
235
14416
6258
8518
5871
2570
9798
7171
6046
15368
8406
300845
10129
15060
6152
6207
12982
12277
11154
10849
1111
10052
106687
3978
13028
2670
5143
4449
44
5601
12383
4470
8157
6880
15078
15861
7316
8108
15513
3344
12093
15298
15196
13798
2717
14064
13121
9073
6278
5346
16451
966785
12478
828
900581
5693
2238
1511
7124
10596
5722
7766
13368
3060
12318
4973
189
12005
8258
7550
77
484
5748
15472
6165
1465
3792
2427
15079
6113
5721
452
701949
11205
1379
12319
5101
2688
10383
3148
10706
17053
13924
4452
15880
13219
6210
16537
5463
7690
165
11644
11682
1682
13643
12898
10206
15533
8344
5251
6798
1990
3752
10083
1520
1310
8366
14859
11769
9024
9296
531
5712
7712
7797
5524
3988
5442
2697
6229
8918
4339
1842
5806
15725
13775
15307
5708
6074
2576
15481
528728
5726
10643
5740
3435
848
16639
9654
1106
2018
7269
5021
802
835901
5887
952
3950
4534
8980
8426
12470
15372
9007
9664
7387
7415
8429
4670
11199
4786
3873
12678
10216
2711
3773
1677
12597
4256
14380
729
16936
50
6913
17080
12364
639728
10305
6894
8935
10620
4767
714
441
8747
12955
1496
12789
16669
14948
15548
4026
6530
11742
13827
13614
464069
8007
124813
15649
748
6751
12614
5480
13978
373453
15332
13184
6350
8422
14823
10919
4744
2879
12842
7666
11948
9627
4919
6339
8802
4926
12974
3196
10333
4809
13025
13895
348411
2834
5214
11315
14492
4178
14257
4133
53
147489
10393
9344
13933
4647
13508
7874
16664
8001
234
4812
2184
14858
9885
7530
8656
6483
15235
8804
1300
7238
12939
1958
10461
5933
10780
3369
4615
1297
5482
945742
4965
8757
7270
4247
4681
15677
16244
12645
11677
14876
13770
4174
627
2575
10017
389666
8268
16724
16411
13588
14162
8814
964
347
2174
618
8658
16687
16009
1064
12008
3230
4626
5033
16945
16618
8069
5911
641058
4833
11676
10839
15780
6302
15902
1654
14223
252
11687
14528
14230
14819
16522
8499
1151
15301
13186
17008
1155
2564
8889
16693
9891
13168
13682
15018
5893
16699
10370
7970
3299
6212
12593
10554
11679
8015
656
6309
4543
10141
6606
2248
16600
1188
11751
2663
11311
3721
11118
1112
448354
11830
4512
3049
5988
8876
10915
12110
3168
9960
11330
16126
15317
3514
15850
10948
1517
16631
13146
532424
1606
1226
3338
7983
15106
6542
5193
604740
13125
946
1204
16359
3872
16204
5076
15174
10688
6352
14057
11953
11449
1627
3115
15233
163491
15854
889
7736
5510
4960
13348
1652
15322
4669
16251
12176
9207
6486
3071
1940
93
5471
16611
13476
6338
3908
14050
6746
16360
6081
8460
1621
8539
9341
8638
6418
5172
8968
12612
15098
9747
13109
5347
12246
7289
10429
1972
15387
269
185461
7559
677
6106
6462
3109
13092
7109
10227
2307
13560
5505
10760
9042
947272
717
2625
8061
395
8382
16691
10252
1333
8222
15446
9927
15978
12482
7768
13930
12693
12263
12240
5458
13970
16384
3019
14011
5018
11283
3744
7950
16267
5851
16758
1811
14852
17099
16901
2964
4231
2819
12460
6141
14271
11159
8685
103
1232
13295
15339
10424
3259
2602
3048
8173
8608
9141
14550
13659
9854
2841
485709
15357
9028
680
16464
4702
1806
2111
1761
6140
12140
348
8993
9412
297303
11709
1794
15036
16095
3760
8955
7743
14660
7416
13782
5704
15794
4164
6429
400850
4790
8500
12690
16134
4511
1024
2603
5939
13201
3045
12453
14313
10695
15912
6355
6391
2215
11097
1089
9688
16834
13552
6502
9421
13280
6628
16075
16298
1457
1959
11729
6822
6529
14080
223
278
4244
12799
14329
7568
2875
11262
12940
12903
6308
9178
10534
2274
2778
8886
8377
10714
12755
247
11149
4724
11010
4301
10801
1215
9900
5861
1425
7599
12316
2478
2931
9779
10881
13111
13959
6882
7803
14195
10415
2060
12703
4287
5940
3437
12477
8472
13638
5829
6616
7417
8259
5760
10037
989079
8121
9471
2439
4122
11668
12018
16979
5375
9898
680278
14333
982
5217
7625
11148
2046
14738
11576
12489
8370
14654
1856
524
6189
3534
12518
11984
12605
9749
13811
13206
3947
12928
13931
16121
13590
16021
3578
15625
10840
15281
393
9996
1789
3746
6620
2446
5410
337
15145
7126
14140
10993
7844
9004
10952
6487
10123
1978
16999
1269
4143
15311
15812
9068
9987
4806
13010
959
4915
9955
5801
883618
13517
15944
15569
16544
5984
13699
4991
6533
5247
15561
5450
7589
2988
4433
1149
2934
12867
13888
13884
4738
9776
742039
249
4031
16668
8548
8953
14270
16108
13069
11356
13822
8826
9402
9284
15118
10171
12273
17082
13580
14209
3364
16619
5030
8985
3726
13771
15162
1140
226
14157
6373
2559
16015
2838
12249
6098
8573
10295
8961
3114
5554
1260
13005
10527
16657
15488
3889
15851
9528
228
5655
4315
8158
7407
2351
16500
16952
15836
15822
6436
15175
11316
4243
157
4236
12171
8210
5374
16794
6351
13507
10973
16977
7036
8028
3945
10056
14689
7815
14554
8298
6500
8721
4578
2597
9888
7144
2335
14932
12339
12350
5878
5674
14220
2428
7775
10538
611751
4297
3395
4358
6321
16457
10159
11329
379
799
7493
15190
11444
12708
4523
13788
9038
11140
11393
1815
696
16802
6202
377746
10246
1187
958179
4286
14688
14468
4766
106
11209
13803
3436
7098
8801
4972
6269
13515
1997
14266
219420
14928
4279
12532
16910
12487
2866
5266
3229
4111
6994
1054
6448
14039
16751
15905
7927
4476
15076
4602
10649
942
3191
6393
6887
2769
5134
13220
502
1661
6734
4788
13479
195
3790
17070
16906
2522
9194
3235
2913
4192
14192
9098
16112
11987
12175
8932
13332
4395
11400
14870
13777
16725
4331
6724
358
9446
16774
3219
16068
15940
7192
2612
4063
8901
5507
227
4187
2647
14713
1656
4349
10867
481574
9653
5467
1754
653
8059
15843
1443
7944
16641
3846
5915
16714
10482
1165
329
12426
10888
6912
12158
876
9766
3327
16759
765678
2089
7841
13346
6719
325595
14788
12481
892
13536
12398
14172
7951
5816
428
7881
14065
16970
62
196
78
13252
2120
7304
15898
644559
5979
346
4984
10806
15542
13653
5492
7188
14759
9827
12022
1449
7053
2355
16383
4656
201
7231
9269
11963
11828
1329
2710
2677
4621
2568
681
9951
16671
15203
8287
4877
13587
14786
1787
6455
9336
15440
15949
10792
8196
14138
10956
11034
5976
7882
7638
13319
11778
7378
14344
16486
2079
16455
15779
14888
680096
2690
294
14674
2956
1426
661147
8433
2923
2308
1549
11890
11429
16157
1363
9615
6344
10124
983794
15803
9313
1539
6091
15038
6658
2528
8540
10924
17026
7999
630108
764
16779
13662
8819
13568
1202
17011
9380
6601
7001
425
5452
7985
14330
14783
2156
1003
364236
15941
11408
193
6783
1746
864
2661
2069
10176
2851
8769
5942
12748
10647
13561
16992
13862
9254
2150
4769
7556
12931
8122
2022
15754
12034
1655
11902
7305
2315
2407
14794
12923
13408
4413
7940
3976
5930
5418
8300
5830
15770
2086
3291
12929
9084
2393
11711
14007
6707
198
5042
14653
2163
10769
11003
13141
12899
14779
7846
4377
9773
16869
15990
13843
13616
14861
9198
7796
1920
7807
112
12619
127
7136
15389
12035
15053
15750
9781
5099
11152
12365
14425
16223
710
3126
11824
3826
7261
3608
1900
3720
16814
6951
6850
12376
921
4261
12028
7593
4389
9447
12422
3329
12737
10308
9251
5086
8623
8496
366817
7852
8208
12688
3572
13545
5584
3731
414
9429
10690
4093
2606
5351
3689
9586
14798
12215
1615
14904
3617
3506
3695
2763
14465
7371
4881
960
15947
7875
3202
16013
6841
15829
13107
4742
760
9102
12906
9089
13430
5799
319
4359
16040
658136
2967
3542
2083
16278
13361
6275
613
13875
10955
16919
6991
9539
863
10230
6268
14194
1251
8625
3519
13009
2853
16285
14751
13524
501
9928
6044
9554
6415
10759
1767
14366
12185
4048
2996
11112
119651
1447
8097
2881
7276
10550
5230
2795
3871
9390
16872
6326
11991
10694
9420
12582
1143
17000
1736
16604
3483
13278
15393
10381
10217
574
14291
4272
1913
8306
15494
10737
9268
7447
16700
2127
14972
230521
13080
4913
6119
17045
13411
7623
5323
5842
3589
1536
3532
172132
6992
9171
9703
4772
15193
5594
4761
16259
121
10751
4555
6819
10606
842
5998
659024
16467
16167
8558
9165
6450
9052
14853
7856
4868
14359
13564
15450
3107
8106
15204
13890
12338
15712
3012
9833
16990
11579
7147
7928
8020
1712
3311
2895
8461
1044
2726
4753
2715
8217
2536
13767
9902
14880
5642
4795
7880
2831
13845
11274
6178
9920
10259
982277
521
10622
15096
1289
3644
14679
5734
9143
13357
15104
5262
17022
9511
6273
9642
16553
13445
14809
12560
6363
2056
15110
5046
3170
7525
13852
9566
15288
1263
5185
1597
11884
532
4338
1680
1286
16026
9610
2465
10114
9600
972
28
5504
7054
625721
8192
12382
14340
4161
370
3552
12757
419149
30
3698
10679
5535
16427
14998
477114
16008
9046
6552
16893
7448
14701
876513
10557
5438
10064
1371
5710
10466
10054
4930
154302
1219
631958
838
2474
3054
12310
391476
11420
352249
785
12348
13850
1734
16172
12320
8332
10874
216
4885
1373
8128
12586
8480
13952
16493
5808
11234
11977
9546
5233
192
648
16727
9809
3883
7483
9396
10988
14341
14432
4719
5503
12954
14531
308
3238
814
1975
13768
7327
14310
13801
1494
10985
15266
5932
787
2734
13739
7414
15073
17105
5559
15466
2236
3939
16784
6295
141761
10376
476
3511
1161
5372
16526
4749
16144
16827
12124
328
4526
9472
11899
15015
12296
2405
9474
1016
4680
24
12412
12167
16106
10761
5116
5795
4701
5412
13155
4121
3525
1023
13916
14478
6460
6544
16783
6930
12051
4945
8077
13522
10110
2442
13075
843
9397
4773
5027
12987
5146
5088
14992
16541
15992
9630
13022
2779
8216
5357
14836
5945
6705
5596
3728
8904
11787
7376
16998
9606
14912
11368
13716
13441
12212
15131
4888
16800
12777
16399
10775
3212
12343
6696
2149
10091
10589
2654
2300
15818
13523
7392
10081
769
9612
5282
14254
1043
1071
15334
5180
11780
2208
2182
7580
5854
694731
3294
15386
7537
6156
15183
8675
364
301
2839
1034
15911
918665
1009
9954
10089
9786
679
3268
10609
7966
4537
13977
14027
13991
4925
14534
12872
13320
11138
6109
3496
15833
3633
13189
13982
6586
2629
7457
12414
6108
5595
7296
15353
862
5742
13906
7199
6034
16670
9442
8136
949153
3592
12384
214532
4509
8386
12649
5843
8247
6070
13617
16745
13647
14937
7600
2275
1936
768891
2251
12731
10846
4240
270128
16118
9079
3832
3300
8264
683
7411
16881
3540
129
12157
271
4457
92
986088
5456
14453
7072
3780
15904
10629
8305
16370
3394
6320
3204
7883
6285
9135
5273
16692
12206
8395
437
3001
3611
9769
9514
12220
1492
1264
11057
2281
1791
9252
6463
14360
775
11999
1130
3456
6896
14764
601
10702
7042
7518
6172
12829
10977
9224
294760
14915
14494
4796
17002
4901
636
647
11166
11612
10726
2093
7198
557
14655
5091
5918
9966
10893
4409
4137
16236
6282
4758
15879
12637
8203
2706
8206
13317
3080
14754
8360
10944
9544
11298
2832
4068
15527
13820
12501
10032
5118
10733
2488
877
16334
16562
10441
4152
645175
5757
16968
16740
14931
15973
12177
6926
14476
4229
622
16696
11134
15875
6316
396
12545
8858
16762
3937
4661
16069
14298
5414
497382
1845
9461
716
10567
15452
1238
854
9460
8667
12544
13530
5827
16418
9819
12379
12179
16405
517
13164
738720
9661
9975
15273
14828
12797
16564
11752
6095
23
16056
16283
407
13287
16510
11857
8267
2313
5895
378428
14512
430926
5676
2999
720
1729
3952
3454
1302
10471
3972
3466
1696
5526
1095
6465
6311
3614
6925
5023
3892
9162
2719
423284
9623
12068
1234
16119
3941
2765
6561
16038
7357
6966
1419
11169
9439
14705
6256
16907
12210
11797
15583
2880
8571
621
16163
7585
9720
11484
8593
12261
7896
16296
5670
12868
9557
3315
2217
14936
9385
4043
15933
14840
10097
1120
928
8781
9604
13235
7790
1899
3132
14371
6508
4714
6974
9223
15341
13209
12642
3886
443
12638
4828
8030
4989
993085
811
2285
5128
5432
8820
6512
16797
16226
6304
1993
13661
14260
15072
100
3959
16302
7069
4081
6173
10827
7910
2177
3714
6484
9437
13255
2907
1474
645
7194
131064
14519
10263
10926
7397
10964
12601
11761
8471
6940
7549
3031
13490
9650
13249
11706
16503
450
11808
12259
5790
10317
15374
17028
9108
9571
9959
12813
16219
15391
13585
14514
13750
3475
7283
7971
13748
825
16558
13511
1002
16354
14094
5724
258
11879
10868
6537
2641
16380
2250
1509
677596
4837
12418
3398
4085
5487
1599
2234
6771
5706
9736
772741
856
1462
7324
40
10776
1018
14097
8528
9111
1483
2047
4248
6348
5394
4304
6958
102
17038
3682
847581
16432
16594
324
9105
1962
16094
2787
6765
1079
840
17063
16559
1679
433507
2858
14740
15001
9787
8773
5520
12408
11297
1337
992
12269
12507
13839
9216
146032
2627
6794
3022
6130
15345
4636
154714
3133
10310
1973
10080
7047
14508
13016
12511
13535
1399
13676
7721
5682
11901
747453
10809
13795
2883
9237
6134
10892
12933
9887
16547
14430
7334
10014
10084
13353
13232
1423
16973
12686
11844
4241
6142
1725
7064
16312
10404
9388
5274
3253
4075
14496
10768
979827
9802
15246
7169
757
12967
4355
6693
7696
4865
36
2332
6394
5705
12995
1802
1227
12184
6392
8131
3515
13667
381444
3011
14929
753
7141
12174
330080
10179
7695
7449
5038
3111
5980
12944
5376
4381
15915
16480
1346
4029
669
1050
13518
3252
11992
446
904214
11684
1195
230
164
951
1121
7484
16107
1365
15738
12090
16791
12427
4763
15619
15250
11309
7620
13763
8948
9668
15601
197758
15749
7015
8975
16580
3084
2902
10765
2613
13008
5649
1362
10149
3088
15670
820892
13789
85
11646
632
12879
6570
13036
4842
5321
2633
4347
3767
3742
5844
14627
650
3599
4446
332335
8556
6516
8034
12213
10570
16508
1400
8531
205409
2011
798
13360
7984
7377
986
1740
9844
6589
366
8559
3313
15936
9144
15030
5783
6744
4369
13351
874
899787
9197
8536
14555
8293
12860
11799
119
5127
15742
9941
6563
9935
8392
1572
10876
13708
1350
5587
6836
5813
14854
14263
16591
15251
15607
5002
12562
3318
4364
13190
6131
4096
11708
4264
9114
7697
13755
16018
7902
9594
15615
11859
5171
990429
7872
6270
10790
11856
12817
13626
13210
15042
9305
5831
15194
9998
7827
12132
16261
6596
7243
6485
13694
3455
7957
1473
4900
12733
7820
818605
13628
11085
1773
15700
15274
2518
6826
8657
1035
11424
13256
16488
13979
6939
5170
13211
15681
8748
5365
8641
5810
705748
8863
13876
14572
10315
14747
1907
8178
11128
1786
15029
13972
3161
9731
15377
5184
727
13324
1427
11689
3562
14601
14790
12704
3800
4125
14399
9893
459
10012
377
14695
7297
2972
7774
6784
10940
8931
1189
9671
1469
4846
10934
7059
1870
16376
9106
15470
14167
1716
12444
7728
9484
481
5483
7682
2789
355
2418
3343
3969
7196
8519
1191
2510
133796
8114
6314
15437
3225
8710
6024
10869
15778
16903
15388
4182
6280
13810
15383
11578
2843
4197
10061
431
3637
10286
7492
12211
7228
725
8925
13289
15592
10642
9763
15763
13015
6065
778
5583
1580
16243
12102
12888
13418
5566
2681
10063
10199
3503
7410
16939
8946
16627
1383
8317
10825
3002
13851
16603
3922
2527
12861
9752
5713
15180
11398
4803
14350
16299
5098
9190
6754
3043
5016
3748
9675
4607
5807
940
11853
8294
10891
2584
10442
3426
3917
10368
11918
9750
6235
12836
14557
4271
10546
498
387892
3719
11268
3355
922974
14718
3750
16454
13495
1625
9334
9085
16373
11734
10723
975136
14000
7922
5278
13286
15574
5961
14170
13761
3687
5228
7189
6249
9575
8400
3062
5417
13308
8244
11938
5049
15723
5663
11158
9212
3613
14477
15544
2346
14545
13856
13893
6703
4190
4303
9302
8609
4631
2854
5158
213609
17097
2222
10914
7426
607
1613
15283
12892
16349
4764
5862
14274
577
1581
3251
13315
13675
3807
7541
14504
339220
2453
11865
16944
6617
5411
10947
1036
8262
1927
10188
10658
11610
3900
8777
7048
5140
7954
12572
2402
5539
14239
12838
11232
12061
9043
13292
7822
12430
15965
504
849
13093
13971
2339
1595
14054
15796
2951
684
2443
14649
6619
1744
7425
969032
14924
12377
6709
11763
16495
7145
1437
12048
14750
5008
989
16643
12073
13874
6150
1472
1315
3772
8402
3053
10392
2374
12289
2650
9710
10369
389
14231
6955
6347
9808
15906
7764
14818
13
315
10837
792
16173
6590
3520
1179
7672
8844
7722
14240
14099
7250
10182
16499
137
9267
11369
3986
6329
11333
12783
10854
12824
2193
11102
7517
8356
540
2040
9689
2992
6286
9191
11233
10600
12336
14137
12067
9860
15893
12762
6863
6859
13774
542
14081
7942
12736
15896
6931
4755
1228
610
1160
6033
6796
5409
12469
5654
893
242175
2481
238
311883
2009
12287
16178
14076
11737
4094
13288
3618
7277
6257
12410
8737
2786
2239
12055
13416
5715
1963
5701
5922
5320
5971
742
8681
16496
4
240
9704
1988
147440
14325
15198
8831
7183
11922
1834
16572
494322
12117
16552
971415
1964
14673
187
6692
1282
3604
15154
3303
8165
13154
15552
16918
12743
11383
1056
3734
11186
4430
11125
13808
4461
13035
14429
13578
10435
5564
14451
4401
12930
5877
11802
6431
3967
2712
3024
6010
145814
14775
12456
335
14470
2316
4992
14045
6402
3218
169113
11930
13835
14865
3605
6525
7095
5646
12569
7906
15245
9771
265271
13696
15566
11599
14681
16403
8947
4585
160
5026
11036
15764
6083
239
13731
3676
6581
2461
915809
3573
15632
9976
8343
9121
2115
218959
15094
2771
16402
13247
13466
6177
7676
12321
13554
5435
3890
11650
14117
5955
12769
10853
13439
15019
12908
7221
9051
16135
10006
14473
4743
15380
14982
16816
12425
6200
14729
5453
2643
7786
9718
6916
15272
12754
16483
6233
4384
13144
1898
9626
15924
13603
15788
3834
8509
16158
3027
13752
13279
8036
13385
4018
17019
14205
8991
4860
1296
3465
6807
1344
8421
6114
468623
6779
8895
16571
7292
8549
6069
4715
15083
11571
11242
1741
8557
3129
11701
16
5571
14014
514
9310
13311
17048
2959
11447
8134
9754
11573
4128
12549
852
10238
10771
2084
155
3938
14364
16587
7886
16125
14947
11064
563246
9634
805668
9602
14410
3757
14851
11308
4871
1836
508
4627
2045
15182
8550
14495
13627
10256
817269
6823
3365
14659
6969
12622
4815
2660
11395
13470
2975
4581
11956
11225
1880
12671
4217
7732
14877
2310
9512
1555
13613
12596
377312
6335
11811
9076
16808
9712
11319
8742
10236
4335
1166
16938
12004
6372
10614
11594
13669
1326
5500
6360
15605
14516
15658
4366
14224
510
5020
16894
371
15025
9801
5141
16224
9219
9906
1931
12226
5366
9329
11949
9467
11793
15731
5279
12071
13764
15755
2431
16674
9464
1636
8137
9991
12752
13127
9213
15044
10564
16515
8631
1530
16444
6097
10899
3249
15340
10831
8199
3508
13988
2008
7456
13784
7811
535810
10697
10143
15910
561
10090
14684
17094
8284
13253
604
13310
10481
11443
2572
14397
14466
13228
14259
13329
11075
7246
15748
14458
5990
13743
14171
7520
3439
12841
7995
14135
14683
13307
11932
591
6057
11438
4664
439
8431
12065
14389
678
4834
6937
16201
9705
5461
9555
1827
1467
11387
5552
7038
359295
15807
16174
48
8952
6036
12701
8153
9831
13410
12295
4480
5168
867
2320
6742
5970
3606
5954
9832
16247
15584
7429
11974
543
11669
2233
2796
1788
720556
664
13404
10167
15067
1804
11870
11631
1783
3495
6307
15114
5591
386
10134
1573
14535
7640
9837
8945
6899
813
5092
1040
10133
9818
4507
5093
14181
10682
8796
5725
7313
11314
5003
12846
6554
5529
15806
11995
14221
13355
14219
11082
600
5165
11167
5695
3484
14166
925
14827
16485
9926
10491
14600
1901
13882
14152
8951
11002
10728
7566
11719
739966
14015
1256
2282
4320
1824
11060
14233
7406
8979
11755
11919
9765
9695
10332
3522
13618
7087
13604
13641
2949
5789
32
8845
8850
10472
8970
142
14414
11228
4878
15599
12520
9119
13540
2702
10823
11779
11776
2516
7239
9872
4166
2890
5997
676
4757
11783
14362
16305
10605
6342
7717
9430
171942
3399
10093
15414
9055
13879
11080
16923
12014
7295
2360
8190
7972
2944
12301
15061
6255
14830
12653
8530
488712
13376
5037
15692
5188
10044
11258
9862
8237
2503
3470
15181
9672
14772
7802
8659
7513
2994
2015
5533
950916
5486
4285
344
369
14183
592972
11198
11759
9201
1693
3942
13956
14857
3366
1995
8022
4896
4560
4216
2353
356430
875
10514
10619
1372
10038
9364
10268
15458
5144
777558
9082
10650
2364
6216
1435
328411
4396
14379
6919
10105
3085
5910
1942
10979
1129
9614
2131
6757
5428
6842
2521
334
10512
6461
9245
577463
16531
16663
12624
9730
10503
643269
2126
6677
11569
862712
15668
8102
1101
13903
14109
14213
6158
5633
172274
1107
16561
8643
16909
8791
3857
4568
8381
7626
8611
14061
10808
10428
107540
4700
16590
4576
890170
15137
1644
1104
9152
6303
368
913
15395
13871
4732
5034
2683
6588
8832
16865
895
8988
1254
9454
9535
14565
9498
1868
427766
4023
15782
1335
13089
1918
4781
4818
16413
1061
11851
6941
5379
11076
4904
10325
4963
4097
5040
9434
1084
9813
7356
1069
13867
2286
9673
16290
810
10680
16070
11212
2138
14143
378
640659
12648
12402
5296
11300
10164
14434
13817
2078
1770
13825
9974
1065
10595
4663
682
7341
12857
8740
15064
13468
656379
4425
10545
6920
7191
3331
11534
5059
3405
1261
909
13106
17016
390743
10616
13685
4327
6933
5318
15024
15493
4014
12435
17023
8875
3265
1532
15515
6002
7031
899
448
11695
16344
950
8140
14290
12374
11390
4850
6289
849747
13427
12
11281
15554
2412
1829
1857
5285
9282
10937
8911
5133
15490
8313
2773
360247
6517
11943
12547
2242
452457
13566
927
4021
799287
5817
11006
9214
13860
8455
16986
5683
8717
7467
1564
8321
179
4105
16788
619
12087
13124
16351
12970
11622
9904
10106
791
9518
3962
468074
15031
10943
16284
8124
16833
2438
16308
16695
7918
16796
13328
2708
3786
6247
8090
11343
8458
6179
3638
7832
2968
6013
11434
5424
10903
12579
6769
2639
10126
3630
111
685
2043
11067
5362
218
12084
7977
15609
13213
805448
906
16081
13274
9413
3762
15579
15342
11673
10272
11733
1977
4278
3838
966120
9639
11659
3598
12053
16145
10390
3350
10644
14666
82
8547
2450
12524
7404
7935
15726
15524
6222
12592
1118
8151
8467
6039
10548
12445
16322
12271
13633
15793
14758
160423
8336
11833
11244
13802
14986
187949
17071
12436
14620
5606
6736
9936
8068
2476
13583
6181
2330
11008
14018
938
5700
10340
15549
833247
6828
3935
611
16785
5097
12459
16337
14849
974190
11572
6287
16835
8041
5730
2292
10130
10826
3735
14806
6014
3446
9990
10349
3100
11394
8705
663
11437
15798
5963
5416
14289
5497
7551
10186
15740
3738
9748
3419
10050
4090
12913
4943
2694
15416
9265
3272
4015
16972
7510
10938
2247
11100
3361
3709
5546
259097
13238
15390
1280
16832
11878
12007
3232
17072
2496
9644
12588
1370
757193
3417
11747
4813
384263
4467
3558
706
8995
10042
1298
13065
6168
11363
14983
3152
7809
6219
15330
12980
5781
5083
6605
10569
3636
340
15830
1646
6288
7749
10403
16573
15200
11288
937302
3740
5402
13805
15130
4897
16652
12922
7469
2978
143
15371
2928
2600
11717
10978
5249
15338
5288
6240
14603
268
10145
918
15217
10581
5812
11096
5181
12600
16443
11658
5468
12905
4370
10670
6459
7317
12821
6230
2788
6089
2319
6653
2814
7123
8238
1171
14584
5261
12778
5614
10313
2114
13350
166
3822
159
197
4570
15982
14023
9181
2241
5213
8187
663658
1176
14448
4069
16084
10070
195763
7271
2911
206
140
2024
9037
10782
2002
4281
2722
4746
12011
3810
820
10880
8515
7969
6293
12407
1186
7557
1742
7501
7887
16772
694
2188
13277
10542
282
13425
15405
14691
15412
16206
16765
2192
1908
7074
5805
6621
10247
2774
579
529
4951
6714
7402
6071
1332
4528
14369
12859
13619
4421
1148
723
5669
8829
8715
13772
10490
13027
8592
12488
10873
16661
1431
2501
12988
12214
3428
4289
4740
15628
838253
16929
580
5433
11384
13846
6838
16398
10297
14579
5821
11325
13492
10207
4590
3386
11146
16666
10432
769737
5809
10594
4867
4978
16584
7828
7502
9494
223088
12636
4948
12991
138817
15134
14493
8591
16022
639
12627
9182
5853
16921
11924
11320
1460
16409
1475
10478
7214
254
9876
15088
1030
9199
14897
4569
4456
3433
5063
6695
10696
552248
5777
822
11081
15082
16874
10273
5142
168
3931
918011
1239
4623
4134
4996
11019
6728
13558
13195
10921
998
12618
13366
13968
13488
16280
11123
7108
14811
6733
13579
13199
10735
13868
15534
7010
3226
11071
4851
16032
10046
2822
9264
4690
14625
108
7553
14837
11269
7692
14707
1622
8141
6426
11249
14820
6137
6284
2735
5090
13957
6591
8443
9549
505
15242
8574
9457
7862
9568
9657
13946
14698
4882
1281
6358
8709
14510
12725
10833
4136
15208
8835
8312
4696
8403
286
15998
2338
12141
1013
8380
8997
12575
5926
1308
1098
7006
6676
3690
5312
4010
5819
955
11113
15871
13635
12613
3396
12505
8407
5889
996
412071
7904
2586
148
13309
3039
12727
14663
11845
1930
6491
4255
11920
4232
11161
7703
5315
13055
4591
468
12359
13469
4990
3330
16318
7173
9496
11722
8194
4340
16548
6331
10811
12794
15478
13118
1569
7347
7771
7219
14933
7464
16902
1846
14398
13143
2530
4472
7943
9153
288158
12180
5017
13878
7208
6793
16320
10678
9211
5563
2155
162
14680
226516
643
9552
10282
12037
14781
11020
12030
8629
15438
7735
11645
6493
5914
16662
9134
6965
14582
10220
3099
8182
9738
14277
5286
13649
7332
7372
16062
633469
1240
3905
9168
7264
4089
7488
538184
15237
593
10989
5236
6162
770
17058
15825
8197
15791
201639
16754
2821
10219
9411
10451
13419
433632
5130
12655
1935
8053
2703
6379
12969
13527
12927
12756
16020
15663
5508
1651
14892
15874
10598
3371
590110
16746
10807
16111
4835
8330
1213
15835
11303
1074
16905
9050
6738
12305
4275
11367
6474
3635
10377
15867
987
2626
7179
1658
16620
11819
9740
8663
4262
11889
8447
16739
4856
7629
9578
6369
6629
3670
16555
969
17041
5660
9183
16093
9714
6566
8385
13543
7968
310
7176
6291
8269
11403
12466
6125
4721
10242
10935
7934
16131
5658
14079
17101
8682
3662
10043
2429
15306
9930
7133
1833
8665
11339
5528
2758
6492
7538
5348
11389
14533
4567
15021
249715
10998
8148
13573
5392
954
5445
8701
8204
8152
9884
10526
11806
5637
1237
13352
6144
7245
15141
2091
2500
14126
13496
9247
6986
990598
8035
1612
2909
2523
1401
1201
12116
6153
10407
9026
17093
8311
13631
3092
4686
10584
16128
13272
432441
14044
8352
965401
3063
514850
11110
16481
10194
15757
10860
417
567
15023
7533
14386
14923
3536
8930
9184
10020
8964
16568
10795
10250
12881
795612
14035
15686
7085
7773
5108
7259
2276
7627
9758
5992
6259
11952
12286
9867
16837
1586
15410
998348
13293
2609
16392
5668
2623
318
8570
436241
11083
8744
16803
7545
13861
7586
12719
9609
6510
10397
757246
14462
13902
3823
3789
11261
13091
10789
10151
11065
14611
9486
12447
5846
853
10095
2492
11058
8960
14687
7125
6274
7021
13834
12943
15914
8680
5332
9083
3954
5962
339
4674
5194
12664
776
12990
15099
16514
4168
649300
1862
1262
12428
548
2085
2420
8774
12322
15126
13575
3729
266931
14164
10239
14799
5763
11446
4464
15657
6801
1516
16378
3408
1136
4891
14503
13753
14358
10069
2396
7893
10772
15543
1452
12248
16027
15994
6060
6877
13450
6594
9782
12878
134283
17088
13889
4170
10446
9702
114594
15169
2422
3718
4448
8807
8103
13974
10058
71
16623
15922
16215
711878
12010
10814
7082
11827
463
587
6197
5542
14766
5780
8279
3234
8634
6444
7465
701253
6764
12580
256
2007
13787
210
5994
11345
5421
13399
6037
2118
11007
2802
15475
13953
3147
7195
11657
7314
4839
15333
5648
602
14618
15768
5113
7668
442
2793
7746
2884
8224
1933
14556
2558
1650
2368
15925
12165
16776
11170
725969
10318
11710
5834
4793
1904
9350
2212
2921
4855
6395
890
3771
15070
410
14148
10573
15963
7363
11840
11414
16148
4050
13165
14034
14826
8243
2507
16340
14739
14383
3830
941204
14200
426
7858
6735
4902
4505
4079
9601
3500
1628
15170
12027
4095
560
10859
8147
9950
11738
11584
11355
16279
4975
16010
12772
6708
4792
16442
9994
13785
9686
13505
14682
6781
13467
263
2946
13989
10791
12225
13314
8619
5175
13453
6968
1860
2651
12984
7913
9507
991
9598
12724
3858
12932
5389
4249
8456
4988
9757
8600
11491
931
17104
314181
10262
12787
9527
12668
13757
6959
9280
12720
8483
2259
14953
15528
12480
6412
6072
5137
5732
771590
5208
16624
13371
15881
7800
9729
3334
15152
10328
5645
5900
7218
9177
174
12268
15027
7734
9077
12101
6195
16416
1192
11141
11703
11727
9506
7527
3915
7724
315780
2214
285
9455
14645
8862
13966
8729
10121
6622
12105
5966
6155
3348
13615
4940
7470
13409
362
4411
15816
6532
6430
4869
10375
3844
7163
15652
12217
2327
1267
11642
10610
5239
14724
8654
10177
8783
15462
11697
6763
9690
8213
14591
6324
8080
5029
3891
13103
9741
2218
11326
7307
8156
16310
16729
1091
7770
14086
7170
3517
10029
6921
10958
1285
3829
11674
11900
9853
9897
5665
2936
6652
16460
15899
1138
7967
11433
3799
11623
2925
3492
9100
5896
5242
17031
15164
12516
11187
12455
2278
5547
462
1493
1342
2820
1750
9620
231
11422
11978
7439
2408
3781
16753
8286
13244
10116
16011
5672
14951
15672
225
2532
14159
15008
1902
623555
8409
2757
178
10941
141043
1545
5912
8627
2296
4920
8706
741
2458
13738
1571
3601
357
13551
11292
16565
14709
12960
12315
2261
888
15282
14816
1122
14343
7067
14299
10858
3640
9019
10160
5301
14608
14201
8621
3591
7440
10189
15197
15501
3551
16575
824042
7099
13426
4041
10338
2358
9817
14342
4958
7217
883041
4417
10659
8576
4997
9339
13217
12077
16436
2878
4954
11826
15913
1871
7817
9377
11409
113280
13926
9209
10047
2595
1556
9874
11771
16684
9488
967
7519
2979
18
8688
2745
5268
7605
8146
5719
16551
3958
7142
15769
12380
3980
5800
6409
14648
9346
8597
8894
8193
16576
13192
13951
11685
11820
9563
9681
10630
6884
1923
475
14356
599
10350
12033
13963
14004
7385
3267
4998
2451
15507
7704
1702
4173
10957
13602
15931
530
10879
10537
16231
4671
11723
8478
3867
3372
1541
6440
5677
1212
11247
11365
1412
754
687
13212
13448
4314
16149
10729
6466
7481
4933
3902
8668
10583
15698
5178
8201
14421
1924
9726
970720
16465
9481
5397
8086
16110
16721
8018
15491
759
3163
8851
8929
3629
16760
7959
1669
10423
10422
888295
6381
15205
816
3851
11276
1771
4689
16646
11018
6975
3896
1491
4062
3295
2006
7078
11581
11012
12191
9839
3914
4554
5856
1290
13047
12674
6772
3812
16417
16375
12115
15238
568238
3403
9203
2435
11301
794622
15585
5688
16141
5014
15510
12265
7318
4583
16747
1726
8444
445
662
9365
15447
6545
2082
3008
14575
6556
2072
13424
15514
566
16138
7955
9192
3155
2573
11634
565
9770
1667
9762
4394
7346
14661
16433
13149
13689
399
4720
10845
1303
10127
2463
7937
6362
3144
16080
13181
14043
12910
65
16401
10884
11662
9826
2098
8553
12565
15133
575575
12047
1966
1893
13285
429861
2283
12784
3523
11318
12790
5613
5858
5515
11891
7160
13858
1336
5786
9869
681868
12845
11837
15434
1144
16470
255
10072
8326
13227
117
7751
4750
5872
638
1485
5888
8513
13985
2869
4946
1756
11997
9029
14540
7744
3094
8055
473
3270
8963
15509
11850
7711
9475
9599
3852
10079
1525
16330
11781
14049
3674
4060
10267
638179
16233
4444
5641
9229
6323
1629
15610
275
17027
7831
1548
9580
5605
5074
9576
6468
4955
16335
8529
8735
14411
12474
4135
3134
16479
12076
5381
8661
4375
16887
16804
2493
7917
4474
11127
9317
6832
1244
6767
5873
8323
3138
13986
5028
15132
9899
7265
11051
12509
1798
233
4177
7434
11302
1510
5865
9441
14650
1766
10146
14898
1618
12221
4065
5636
4398
11960
2367
11375
2434
9742
3167
3795
845957
11108
11413
6701
16586
16153
196126
6934
9519
11092
3712
6298
2982
8493
6623
8637
188
5935
12844
6879
16651
15277
13899
14778
14723
14862
14480
13423
172965
2455
7531
7403
16297
11777
14538
1781
8441
2260
6944
10579
8234
5197
11114
177
8956
8416
15148
4074
116547
7794
3298
885
5135
3507
12275
16686
6780
1317
4857
8905
1279
5867
15511
7478
264686
15222
13938
2552
7287
10342
5244
11317
9548
1649
11215
10572
13370
13501
3919
3739
12665
3166
4632
13494
1032
14703
609
5403
14753
16683
15499
1819
10060
15824
5043
2499
15892
5671
9963
2326
4353
7606
12760
4624
1241
2269
13950
16607
2203
13062
3044
13692
6686
8257
9107
2550
15269
562
15216
485416
10756
16271
4665
4538
14800
9104
1049
2187
288056
3817
9561
11448
4667
7263
1222
14208
8334
2095
4138
8599
7052
5336
3796
8969
8328
409
3127
5306
13632
12551
6853
3921
10367
10293
9463
14676
11385
2815
10154
2973
4194
11979
7718
4348
3725
13187
9202
4504
6825
11445
9469
15058
3209
1757
12285
16424
13894
12822
920
9847
13335
1299
5222
10421
3047
6163
5157
848022
2097
4704
10599
8857
2055
1321
4153
6456
3256
13836
4341
405
15637
12999
1670
14593
8098
10450
728
10767
10034
13965
16703
8612
4672
1929
13378
12694
10684
16182
14438
2504
11493
891638
8921
6518
1640
16912
6889
4531
5198
617
3301
4874
800
4402
7759
1956
12921
9126
4938
1
520
9240
10505
665
1100
5377
12146
8226
14439
10886
12163
8378
7713
10607
5638
5378
523
17065
13754
6066
824156
4489
8261
16675
14154
6157
14737
7028
547494
15512
16737
9146
13504
12097
7778
13169
7845
10754
3793
11277
7878
225710
11397
288
8674
7018
15254
13191
683397
5173
9221
367
14973
15972
14048
10373
13026
11430
15866
2464
4484
4155
3949
8491
5598
11419
171
13837
4648
2306
15858
7748
5488
227794
2145
11009
13460
13085
4784
10185
3764
6509
1207
12669
15112
8542
791798
1476
12178
6806
13796
13710
8211
15176
9812
13486
8454
4312
8761
4847
7739
6711
15659